1
tp: 41716
Elapsed Time d2w: 1107502217 us
Elapsed Time dG: 7502 us
vz -2.84488e-08
 6.49673e-11
-1.27123e-08
-3.72008e-09
-7.05403e-08
-1.06216e-07
-1.36627e-07
 6.36192e-10
-5.25603e-08
-6.10231e-11
 1.81503e-10
-8.21654e-09
 1.42243e-18
          -0
          -0
-6.90372e-22
          -0
          -0
   1.285e-09
          -0
          -0
 4.73351e-10
          -0
-6.61785e-14
          -0
-4.24747e-11
          -0
          -0
-7.76228e-11
          -0
          -0
-1.63984e-08
          -0
          -0
-3.92802e-10
          -0
          -0
 6.09985e-16
-3.16742e-16
 3.98727e-15
-2.25276e-15
-3.78777e-11
          -0
          -0
-1.74299e-09
          -0
          -0
-5.48197e-11
          -0
          -0
          -0
          -0
          -0
          -0
-4.30932e-11
-5.24444e-09
-2.58058e-10
-2.79594e-07
          -0
          -0
vp -6.92541e-07
-4.68431e-16
 5.17365e-17
-7.01997e-11
 6.60212e-22
-1.65925e-21
 3.43981e-10
 6.75913e-12
 1.13221e-19
 1.87472e-07
-3.66293e-07
 8.67092e-19
 -7.1858e-11
-3.69854e-13
 2.07048e-21
 1.39138e-09
 8.93329e-11
 3.12149e-20
-5.92158e-10
-2.31466e-10
 9.20922e-20
-3.27518e-08
 8.78673e-08
-5.88542e-18
 3.16407e-09
 5.03168e-10
-1.94724e-10
 5.69491e-11
 2.14334e-12
-4.37516e-11
-4.02306e-09
-2.47762e-10
 8.48723e-10
  2.9589e-09
 1.29177e-10
-2.13172e-21
count 1
(curr.pk-pk_prev).cwiseAbs().sum() 0.000872924
(curr.pk-p0).cwiseAbs().sum() 0.000872924
stable?: 1 converged?: 1 G: 8.86249e-09
tp: 41926
Elapsed Time d2w: 1149379574 us
Elapsed Time dG: 9123 us
vz -5.36164e-08
 3.42762e-09
-2.88151e-08
 1.37694e-09
-9.22556e-08
-3.32466e-07
-2.49505e-07
 2.78891e-09
-9.84872e-08
-3.86997e-12
 7.96397e-10
-2.84762e-08
 2.64045e-18
          -0
          -0
-1.69898e-19
          -0
          -0
  3.7109e-09
          -0
          -0
 8.80761e-10
          -0
-6.73023e-11
          -0
 1.49231e-09
          -0
          -0
 3.80362e-11
          -0
          -0
-2.98488e-08
          -0
          -0
 -4.6957e-10
          -0
          -0
-8.88069e-17
-1.13507e-17
 9.83819e-15
-5.64596e-15
 1.82534e-11
          -0
          -0
-3.36889e-09
          -0
          -0
-6.79044e-11
          -0
          -0
          -0
          -0
          -0
          -0
-2.41425e-10
-3.50112e-10
 1.66832e-08
-9.68982e-07
          -0
          -0
vp -1.31055e-06
-8.88303e-16
 9.80033e-17
-6.37024e-09
-1.73594e-19
 3.45462e-20
 7.04234e-10
 2.34513e-11
 2.21344e-19
 3.58092e-07
-6.95052e-07
  1.6301e-18
-8.10748e-09
-1.08905e-10
  8.4616e-20
 2.75009e-09
 2.51093e-10
 6.15054e-20
 -1.8406e-09
-4.11872e-10
 2.57134e-19
-6.20876e-08
 1.69218e-07
-1.13707e-17
 5.82284e-09
-1.19682e-10
 3.87439e-09
  3.8565e-10
-2.55944e-11
-2.48158e-10
-7.63934e-09
-4.70755e-10
 1.59612e-09
 2.04096e-08
-2.31718e-10
-1.06411e-20
count 2
(curr.pk-pk_prev).cwiseAbs().sum() 0.000882644
(curr.pk-p0).cwiseAbs().sum() 0.00175509
stable?: 1 converged?: 1 G: 8.38204e-09
tp: 37125
Elapsed Time d2w: 1045351934 us
Elapsed Time dG: 7602 us
vz  -1.6756e-08
-4.30698e-09
-9.16715e-09
 4.01647e-10
-5.65361e-08
-1.49015e-08
-8.17015e-08
 -2.2194e-09
-3.20086e-08
-2.72061e-11
-5.44519e-11
 -1.1827e-09
 8.36158e-19
          -0
          -0
 2.16236e-19
          -0
          -0
 1.19023e-09
          -0
          -0
 2.77002e-10
          -0
 8.62869e-11
          -0
 5.51182e-10
          -0
          -0
-5.10585e-11
          -0
          -0
-9.75873e-09
          -0
          -0
-2.09461e-10
          -0
          -0
 1.43931e-15
-8.21751e-16
-1.77076e-15
 9.83011e-16
 -2.2851e-11
          -0
          -0
-9.38003e-10
          -0
          -0
-2.96795e-11
          -0
          -0
          -0
          -0
          -0
          -0
-4.90625e-11
-6.36747e-09
 4.40341e-09
-4.03243e-08
          -0
          -0
vp -3.85975e-07
-2.56845e-16
 2.57975e-17
-1.81511e-10
 1.32314e-19
-1.96961e-19
   2.587e-10
 1.89845e-11
 4.79132e-20
 6.94953e-08
-1.99438e-07
 4.87134e-19
-3.41559e-09
 3.62905e-11
 5.26956e-20
 7.06272e-10
 5.49679e-11
 1.15965e-20
-5.79174e-10
-2.73056e-10
 1.00867e-19
-2.26954e-08
 4.41347e-08
-2.58477e-18
 4.58381e-09
 1.89485e-10
-9.66107e-11
 1.34267e-10
 -4.2884e-12
-8.76335e-11
-4.54634e-09
-1.32865e-10
 1.08489e-09
 4.34207e-09
  1.1711e-10
-4.14801e-21
count 3
(curr.pk-pk_prev).cwiseAbs().sum() 0.00555009
(curr.pk-p0).cwiseAbs().sum() 0.00730366
stable?: 1 converged?: 1 G: 7.85067e-09
tp: 42231
Elapsed Time d2w: 1184877477 us
Elapsed Time dG: 8831 us
vz -2.23328e-08
-7.72448e-09
-3.02127e-09
-8.25762e-11
-7.96512e-08
 2.10638e-08
-1.07136e-07
-4.16586e-09
-3.69336e-08
-2.41286e-11
-5.59786e-11
 1.92181e-09
 1.13074e-18
          -0
          -0
 3.88374e-19
          -0
          -0
-6.81758e-10
          -0
          -0
  3.7581e-10
          -0
 1.54847e-10
          -0
-1.90639e-09
          -0
          -0
-8.81982e-11
          -0
          -0
 -1.2544e-08
          -0
          -0
-3.00398e-10
          -0
          -0
 1.25384e-15
  -6.794e-16
-1.16308e-15
 7.86839e-16
-4.11286e-11
          -0
          -0
-1.23669e-09
          -0
          -0
-4.17847e-11
          -0
          -0
          -0
          -0
          -0
          -0
-4.86982e-11
-5.40869e-09
 3.46873e-09
 6.52403e-08
          -0
          -0
vp -5.57557e-07
-3.83923e-16
 4.18246e-17
 1.69361e-09
 2.61418e-19
-3.80423e-19
 1.05579e-10
-3.49019e-11
 9.80204e-20
 1.57982e-07
-2.98816e-07
 6.84143e-19
-2.67955e-09
 9.21506e-11
 4.96897e-20
 9.76939e-10
-2.20966e-11
 2.43738e-20
-3.05955e-10
-2.55234e-10
  6.4967e-20
-2.60095e-08
 7.27828e-08
-5.00212e-18
 3.83503e-09
 4.96898e-10
  -1.028e-09
 4.02634e-11
 3.40557e-12
 -5.9659e-11
-3.26678e-09
-1.83962e-10
 6.42575e-10
  3.6612e-10
 2.70958e-10
 -8.7945e-21
count 4
(curr.pk-pk_prev).cwiseAbs().sum() 0.00742711
(curr.pk-p0).cwiseAbs().sum() 0.0147222
stable?: 1 converged?: 1 G: 9.2257e-09
tp: 36947
Elapsed Time d2w: 1033883247 us
Elapsed Time dG: 7814 us
vz -1.87864e-08
 -1.7296e-10
 6.64654e-09
  7.7106e-09
-4.85371e-08
-5.87065e-08
-9.14462e-08
-4.16305e-10
-2.78203e-08
 2.05101e-11
 9.45726e-11
-4.85411e-09
 9.46385e-19
          -0
          -0
 9.07943e-21
          -0
          -0
-2.91859e-09
          -0
          -0
  3.1253e-10
          -0
 3.40043e-12
          -0
-4.48952e-09
          -0
          -0
  1.8691e-10
          -0
          -0
-1.10264e-08
          -0
          -0
-2.71715e-10
          -0
          -0
 2.27136e-15
-1.37277e-15
 3.49241e-15
-1.98543e-15
 9.05396e-11
          -0
          -0
-1.12138e-09
          -0
          -0
-3.82127e-11
          -0
          -0
          -0
          -0
          -0
          -0
-1.35537e-11
-6.98513e-09
-4.70983e-09
-1.65291e-07
          -0
          -0
vp -4.45906e-07
-2.91613e-16
 2.93581e-17
-6.01537e-12
 2.66821e-21
 6.28344e-21
-3.48843e-10
-1.09738e-10
 1.10903e-19
 7.26636e-08
-2.25056e-07
 5.66876e-19
 7.05502e-11
 -1.9187e-12
-2.21432e-22
 5.95641e-10
-2.06574e-10
 1.84785e-20
 1.80194e-09
 5.74104e-10
-2.70031e-19
-2.62902e-08
 5.22089e-08
  -3.301e-18
-7.15016e-09
 1.74303e-10
-3.17233e-10
-1.35295e-10
 4.21855e-11
 8.82075e-11
-5.12976e-09
-1.69354e-10
 1.22745e-09
-6.85744e-09
-2.77651e-10
-7.93426e-21
count 5
(curr.pk-pk_prev).cwiseAbs().sum() 0.00219493
(curr.pk-p0).cwiseAbs().sum() 0.0168266
stable?: 1 converged?: 1 G: 7.45614e-09
tp: 41413
Elapsed Time d2w: 1159811151 us
Elapsed Time dG: 8883 us
vz -2.38125e-08
 -6.7404e-09
-4.88064e-09
-2.66147e-09
-8.71593e-08
 4.18545e-08
-1.15274e-07
-3.55578e-09
-4.14361e-08
-3.46509e-11
-5.65187e-11
  4.3055e-09
 1.21457e-18
          -0
          -0
 3.40068e-19
          -0
          -0
-3.78699e-10
          -0
          -0
 4.02138e-10
          -0
 1.35529e-10
          -0
-1.79338e-09
          -0
          -0
-1.56301e-10
          -0
          -0
-1.35744e-08
          -0
          -0
-4.33017e-10
          -0
          -0
 7.64681e-16
-3.51083e-16
 2.14734e-16
-2.40783e-16
-7.29314e-11
          -0
          -0
-1.33874e-09
          -0
          -0
-5.88793e-11
          -0
          -0
          -0
          -0
          -0
          -0
 1.56255e-11
-3.99284e-09
-2.01484e-09
  1.4638e-07
          -0
          -0
vp -5.91606e-07
-3.98713e-16
 4.40089e-17
 1.98411e-09
 2.43467e-19
-2.90723e-19
 2.59002e-10
-3.82546e-11
 1.01318e-19
 1.57436e-07
-3.08706e-07
 7.44582e-19
-1.97471e-09
 9.29823e-11
 2.70146e-20
 1.16292e-09
-2.25764e-11
  2.4286e-20
 7.62474e-10
-1.58688e-10
-6.30223e-20
-2.72328e-08
 7.35126e-08
-5.05353e-18
 1.60264e-09
 1.04703e-09
 -1.9908e-09
-9.53626e-11
 3.09919e-11
  3.2363e-11
-3.55533e-09
-1.86504e-10
 7.23827e-10
-5.24768e-09
 5.17765e-10
  5.4161e-21
count 6
(curr.pk-pk_prev).cwiseAbs().sum() 0.000928815
(curr.pk-p0).cwiseAbs().sum() 0.0177458
stable?: 1 converged?: 1 G: 8.43071e-09
tp: 41267
Elapsed Time d2w: 1145344241 us
Elapsed Time dG: 7956 us
vz -2.92616e-08
 7.39348e-11
-8.36978e-09
-3.18557e-11
-7.28321e-08
-1.01402e-07
-1.39674e-07
  3.8785e-10
 -5.1649e-08
-2.89586e-11
 1.99902e-10
-8.18713e-09
 1.47642e-18
          -0
          -0
 -1.6586e-21
          -0
          -0
  1.3489e-10
          -0
          -0
  4.8909e-10
          -0
-5.65315e-13
          -0
-1.50247e-09
          -0
          -0
 1.62496e-11
          -0
          -0
-1.67072e-08
          -0
          -0
-4.12086e-10
          -0
          -0
 1.03068e-15
-5.78869e-16
 4.53262e-15
-2.53125e-15
 7.58391e-12
          -0
          -0
-1.78323e-09
          -0
          -0
-5.76021e-11
          -0
          -0
          -0
          -0
          -0
          -0
-1.90355e-11
-5.00495e-09
-8.89259e-10
-2.78639e-07
          -0
          -0
vp -7.25261e-07
-4.83967e-16
 5.36815e-17
-3.20012e-11
  -5.266e-22
 4.98738e-21
 3.24891e-10
  1.2525e-11
 1.15739e-19
 1.87047e-07
-3.74863e-07
 9.16199e-19
 1.26929e-12
-1.93528e-13
 7.88267e-22
 1.39323e-09
 2.98272e-11
 2.93707e-20
 2.39829e-10
 5.45711e-11
-3.09671e-20
-3.37751e-08
 9.06262e-08
-6.16753e-18
-6.58572e-10
 4.58911e-10
-2.95987e-10
-1.41304e-11
 6.89047e-12
 5.01047e-12
-4.20878e-09
-2.57422e-10
 8.69219e-10
-9.23278e-10
-1.84404e-11
  1.6173e-21
count 7
(curr.pk-pk_prev).cwiseAbs().sum() 0.000746764
(curr.pk-p0).cwiseAbs().sum() 0.0184904
stable?: 1 converged?: 1 G: 9.22175e-09
tp: 41524
Elapsed Time d2w: 1149107681 us
Elapsed Time dG: 7933 us
vz -4.50792e-08
-2.44773e-08
-1.35993e-08
 -1.7947e-09
-1.89915e-07
 2.12781e-07
-2.20284e-07
-1.39288e-08
 -8.0545e-08
 1.47454e-11
-3.66065e-10
 1.85707e-08
 2.33192e-18
          -0
          -0
 1.23101e-18
          -0
          -0
 3.90082e-10
          -0
          -0
  7.7215e-10
          -0
 4.90321e-10
          -0
-1.96357e-09
          -0
          -0
-3.12024e-10
          -0
          -0
-2.57159e-08
          -0
          -0
-7.54246e-10
          -0
          -0
  7.6593e-16
-3.77222e-16
-2.68715e-15
 1.54493e-15
-1.44969e-10
          -0
          -0
-2.38429e-09
          -0
          -0
-1.03767e-10
          -0
          -0
          -0
          -0
          -0
          -0
 1.41033e-11
-1.29421e-09
-7.37976e-09
 6.31433e-07
          -0
          -0
vp -1.16425e-06
-7.78486e-16
 8.60991e-17
 8.33508e-09
 8.58588e-19
-1.48343e-18
 3.44391e-10
-1.39003e-11
 1.89645e-19
 3.01091e-07
-6.02988e-07
 1.46154e-18
-3.00297e-09
 3.20747e-10
 6.06325e-20
 2.10974e-09
 4.90837e-11
 5.22566e-20
-4.11249e-10
-6.07961e-10
 1.10039e-19
-5.14395e-08
 1.44507e-07
-9.98686e-18
 9.28658e-09
 1.62242e-09
 -4.8728e-09
-1.08639e-10
   2.003e-11
 6.59218e-11
-6.93697e-09
-3.25902e-10
 1.42025e-09
-7.53928e-09
 8.24428e-10
-1.14447e-20
count 8
(curr.pk-pk_prev).cwiseAbs().sum() 0.00019452
(curr.pk-p0).cwiseAbs().sum() 0.0186837
stable?: 1 converged?: 1 G: 8.85564e-09
tp: 36754
Elapsed Time d2w: 1032858015 us
Elapsed Time dG: 7605 us
vz -1.91224e-08
 9.61884e-11
-7.77582e-09
-3.22692e-09
-4.57956e-08
-6.90503e-08
-9.43848e-08
 5.24853e-10
-3.57148e-08
-6.17447e-11
 1.40126e-10
-5.60239e-09
 9.65294e-19
          -0
          -0
-2.95238e-21
          -0
          -0
 6.73134e-10
          -0
          -0
 3.17734e-10
          -0
-1.00543e-12
          -0
-1.99569e-10
          -0
          -0
 -6.5072e-11
          -0
          -0
-1.15168e-08
          -0
          -0
-2.87391e-10
          -0
          -0
 8.58233e-16
-4.58999e-16
 3.76673e-15
-2.07786e-15
-3.18662e-11
          -0
          -0
-1.16042e-09
          -0
          -0
-4.01014e-11
          -0
          -0
          -0
          -0
          -0
          -0
-4.19772e-11
-6.12531e-09
-2.56291e-09
-1.90682e-07
          -0
          -0
vp -4.49619e-07
-2.93035e-16
 2.95317e-17
-4.58726e-11
-8.52145e-22
 9.97228e-22
 2.10657e-10
 3.28007e-12
 6.17375e-20
  7.1701e-08
 -2.2546e-07
 5.75839e-19
 -4.8266e-11
-2.43004e-13
 1.39161e-21
 7.86926e-10
 2.73568e-11
 1.89965e-20
-4.61205e-10
-1.89277e-10
 7.41087e-20
-2.62019e-08
 5.04081e-08
-2.94627e-18
 2.75955e-09
 3.73176e-10
-2.05504e-10
 4.61774e-11
 4.67061e-12
-3.70312e-11
-5.19717e-09
-1.61273e-10
 1.22073e-09
 2.46879e-09
 1.01955e-10
 -2.9044e-21
count 9
(curr.pk-pk_prev).cwiseAbs().sum() 0.0012175
(curr.pk-p0).cwiseAbs().sum() 0.0199009
stable?: 1 converged?: 1 G: 7.98869e-09
tp: 36938
Elapsed Time d2w: 1034209251 us
Elapsed Time dG: 7430 us
vz -1.91278e-08
-2.78352e-09
 -1.0866e-08
 3.81576e-10
-5.55219e-08
-5.32177e-08
-9.38895e-08
 -1.2355e-09
-3.69349e-08
-3.02073e-11
 1.47697e-11
-4.53532e-09
 9.55231e-19
          -0
          -0
  1.3976e-19
          -0
          -0
 1.46662e-09
          -0
          -0
  3.1404e-10
          -0
 5.58937e-11
          -0
 7.93422e-10
          -0
          -0
-3.40751e-11
          -0
          -0
-1.13758e-08
          -0
          -0
-2.27031e-10
          -0
          -0
 1.29532e-15
-7.37019e-16
-1.11945e-15
 4.92125e-16
-1.50606e-11
          -0
          -0
-1.09077e-09
          -0
          -0
-3.24962e-11
          -0
          -0
          -0
          -0
          -0
          -0
-8.35669e-11
-6.06582e-09
 5.70565e-09
-1.54394e-07
          -0
          -0
vp  -4.4232e-07
-2.92342e-16
 2.92962e-17
-1.46848e-09
 7.11943e-20
-1.89151e-19
 2.88076e-10
 2.05626e-11
 5.56247e-20
 7.58254e-08
-2.24509e-07
 5.61098e-19
-4.51289e-09
 7.13016e-12
 5.77323e-20
   8.084e-10
 7.04192e-11
 1.40452e-20
-8.90926e-10
-3.07644e-10
 1.38949e-19
-2.59083e-08
 5.02168e-08
-2.92985e-18
 5.67545e-09
 7.52813e-11
 5.36676e-10
 1.85914e-10
-9.62215e-12
-1.18753e-10
-5.16599e-09
-1.60524e-10
 1.20906e-09
 7.76033e-09
 5.44049e-11
-5.46053e-21
count 10
(curr.pk-pk_prev).cwiseAbs().sum() 0.00326392
(curr.pk-p0).cwiseAbs().sum() 0.023149
stable?: 1 converged?: 1 G: 8.36439e-09
tp: 36703
Elapsed Time d2w: 1028043052 us
Elapsed Time dG: 8362 us
vz -1.74351e-08
-2.94328e-09
-1.09488e-09
-4.40549e-09
-6.28946e-08
  2.1719e-08
-8.63161e-08
-1.29269e-09
-2.98849e-08
-9.82969e-11
  3.3759e-11
  2.6026e-09
 8.85514e-19
          -0
          -0
 1.49236e-19
          -0
          -0
-9.02446e-10
          -0
          -0
 2.91066e-10
          -0
 5.95549e-11
          -0
-2.03557e-09
          -0
          -0
-1.51759e-10
          -0
          -0
-1.03336e-08
          -0
          -0
-3.83454e-10
          -0
          -0
 1.56399e-15
 -9.1279e-16
-2.38793e-15
 1.23644e-15
 -7.1677e-11
          -0
          -0
-9.78676e-10
          -0
          -0
-5.16361e-11
          -0
          -0
          -0
          -0
          -0
          -0
-5.80203e-12
-1.10509e-08
 1.12284e-08
 8.85682e-08
          -0
          -0
vp -4.08255e-07
-2.68053e-16
 2.70003e-17
 2.16285e-10
 1.07873e-19
-2.50505e-19
-1.25086e-10
-6.64585e-11
 7.54266e-20
 6.83974e-08
-2.05557e-07
  5.2219e-19
-2.25478e-09
  3.6744e-11
 6.39788e-21
 5.34264e-10
-9.92118e-11
  2.0406e-20
 1.53353e-09
-7.58465e-11
-1.57916e-19
-2.36088e-08
 4.55169e-08
-2.79173e-18
 1.07392e-09
 1.06265e-09
-1.72445e-09
-1.40396e-10
-1.11874e-11
 5.81747e-11
-4.90171e-09
-1.42792e-10
 1.09623e-09
-4.85402e-09
 5.58652e-10
-6.86566e-21
count 11
(curr.pk-pk_prev).cwiseAbs().sum() 0.00265213
(curr.pk-p0).cwiseAbs().sum() 0.0257546
stable?: 1 converged?: 1 G: 8.52571e-09
tp: 40953
Elapsed Time d2w: 1144202441 us
Elapsed Time dG: 8013 us
vz -2.58379e-08
-7.60087e-11
-2.68475e-10
 5.36355e-09
-6.44147e-08
-8.52563e-08
-1.23392e-07
-1.73045e-10
-4.23556e-08
 8.75753e-12
 1.84077e-10
-7.06606e-09
 1.30931e-18
          -0
          -0
  4.7789e-21
          -0
          -0
-1.67631e-09
          -0
          -0
 4.32708e-10
          -0
 1.77813e-12
          -0
-3.49639e-09
          -0
          -0
 1.53127e-10
          -0
          -0
 -1.4761e-08
          -0
          -0
-3.62248e-10
          -0
          -0
 1.96557e-15
 -1.1339e-15
 4.06196e-15
-2.30328e-15
 7.37489e-11
          -0
          -0
-1.56658e-09
          -0
          -0
-5.07966e-11
          -0
          -0
          -0
          -0
          -0
          -0
 9.78066e-12
-6.18527e-09
-7.84787e-10
-2.40512e-07
          -0
          -0
vp  -6.4246e-07
-4.22099e-16
 4.57404e-17
-2.37278e-12
 1.67482e-21
 4.73881e-21
 2.52397e-10
-5.40162e-11
 1.03352e-19
 1.42824e-07
-3.25309e-07
 7.77965e-19
 6.72453e-11
-5.78851e-13
-3.46124e-22
 1.13564e-09
-7.87105e-11
  1.9286e-20
 1.36125e-09
 4.61069e-10
-2.06712e-19
 -3.1157e-08
 7.76837e-08
-5.28094e-18
-6.04088e-09
 3.07747e-10
-3.84849e-10
-1.02781e-10
 1.48699e-11
 8.03192e-11
-4.56117e-09
-2.16316e-10
 1.00555e-09
-6.24939e-09
-2.33766e-10
  5.4086e-21
count 12
(curr.pk-pk_prev).cwiseAbs().sum() 0.000744762
(curr.pk-p0).cwiseAbs().sum() 0.0264819
stable?: 1 converged?: 1 G: 8.21046e-09
tp: 41344
Elapsed Time d2w: 1153988602 us
Elapsed Time dG: 7935 us
vz -4.46605e-08
-2.35866e-08
-1.40232e-08
-1.74077e-09
-1.86542e-07
 1.99285e-07
 -2.1796e-07
-1.34125e-08
-7.99963e-08
  1.2613e-11
-3.57252e-10
 1.74404e-08
 2.31756e-18
          -0
          -0
 1.18624e-18
          -0
          -0
  5.2695e-10
          -0
          -0
 7.65468e-10
          -0
 4.72503e-10
          -0
-1.78447e-09
          -0
          -0
-3.01833e-10
          -0
          -0
-2.54597e-08
          -0
          -0
 -7.3911e-10
          -0
          -0
 7.90107e-16
-3.94435e-16
-2.51279e-15
 1.44828e-15
-1.40274e-10
          -0
          -0
-2.36896e-09
          -0
          -0
-1.01775e-10
          -0
          -0
          -0
          -0
          -0
          -0
 7.62031e-12
-1.51402e-09
-7.48241e-09
  5.9299e-07
          -0
          -0
vp -1.14818e-06
-7.67982e-16
 8.47932e-17
 7.86577e-09
 8.26374e-19
-1.43675e-18
 3.45668e-10
-1.27266e-11
 1.85724e-19
 2.96223e-07
-5.91756e-07
 1.44536e-18
  -3.134e-09
 3.07192e-10
 6.10557e-20
 2.07478e-09
 5.33975e-11
 5.15569e-20
-4.55423e-10
-6.02219e-10
 1.14514e-19
-5.07759e-08
 1.41674e-07
-9.75479e-18
 9.29009e-09
 1.56122e-09
-4.61892e-09
-9.49952e-11
  1.9451e-11
 5.58494e-11
-6.76419e-09
-3.19954e-10
 1.36246e-09
-6.64052e-09
 7.92622e-10
 -1.1706e-20
count 13
(curr.pk-pk_prev).cwiseAbs().sum() 0.000239677
(curr.pk-p0).cwiseAbs().sum() 0.0267201
stable?: 1 converged?: 1 G: 9.73399e-09
tp: 40975
Elapsed Time d2w: 1144229068 us
Elapsed Time dG: 8720 us
vz  -2.8973e-08
 8.64003e-11
-1.10288e-08
 -2.2862e-09
-7.23788e-08
-1.01957e-07
-1.38521e-07
 5.50666e-10
-5.24395e-08
-5.18735e-11
 1.91971e-10
-8.17295e-09
 1.46888e-18
          -0
          -0
-1.92679e-21
          -0
          -0
 8.26506e-10
          -0
          -0
 4.85172e-10
          -0
-6.05752e-13
          -0
-6.41565e-10
          -0
          -0
  -4.048e-11
          -0
          -0
-1.65871e-08
          -0
          -0
-4.11264e-10
          -0
          -0
 9.01339e-16
-4.87894e-16
 4.53517e-15
-2.52207e-15
-1.98509e-11
          -0
          -0
-1.76463e-09
          -0
          -0
-5.74355e-11
          -0
          -0
          -0
          -0
          -0
          -0
-3.38644e-11
-5.74649e-09
-1.30204e-09
-2.78149e-07
          -0
          -0
vp -7.25512e-07
-4.74143e-16
 5.13084e-17
-5.34655e-11
-3.64271e-22
 3.13815e-21
 3.31226e-10
 8.29124e-12
 1.09011e-19
 1.56083e-07
 -3.6532e-07
 8.79772e-19
-3.67482e-11
-3.90179e-13
 1.50214e-21
 1.33854e-09
 5.84796e-11
 2.82987e-20
-2.40069e-10
-1.16342e-10
 4.15133e-20
-3.43922e-08
 8.62431e-08
-5.71361e-18
 1.61059e-09
 4.95182e-10
-2.44177e-10
 2.76211e-11
 4.94954e-12
-2.35194e-11
-4.98759e-09
-2.33221e-10
 1.07756e-09
 1.35836e-09
 6.69831e-11
-7.64591e-22
count 14
(curr.pk-pk_prev).cwiseAbs().sum() 0.000827917
(curr.pk-p0).cwiseAbs().sum() 0.0275478
stable?: 1 converged?: 1 G: 8.17387e-09
tp: 36836
Elapsed Time d2w: 1031248230 us
Elapsed Time dG: 8096 us
vz -3.19569e-08
 -2.9915e-08
 9.80063e-10
-2.93658e-09
 -1.6804e-07
 3.71056e-07
-1.65368e-07
-1.72248e-08
-5.44591e-08
 2.64518e-11
-4.66304e-10
 3.13076e-08
 1.70762e-18
          -0
          -0
 1.50339e-18
          -0
          -0
-2.40456e-09
          -0
          -0
 5.60319e-10
          -0
 5.98814e-10
          -0
-4.46705e-09
          -0
          -0
-3.69467e-10
          -0
          -0
-1.94261e-08
          -0
          -0
-7.18663e-10
          -0
          -0
 2.46885e-16
-7.75392e-17
-4.67568e-15
 2.63842e-15
-1.72229e-10
          -0
          -0
-1.51902e-09
          -0
          -0
-9.74947e-11
          -0
          -0
          -0
          -0
          -0
          -0
  9.9551e-11
 1.13384e-09
-7.89569e-09
 1.06465e-06
          -0
          -0
vp -7.87735e-07
-5.22607e-16
 5.24158e-17
 1.26515e-08
 1.06168e-18
 -1.6426e-18
-6.53802e-11
 -4.2825e-11
 1.15135e-19
 1.39344e-07
-3.99459e-07
 1.00245e-18
 7.32121e-11
 4.18225e-10
 3.74092e-20
 1.01432e-09
-1.29388e-10
 3.45378e-20
 2.61033e-10
-5.18674e-10
 2.19843e-20
-4.41264e-08
 8.79802e-08
-5.42275e-18
 6.95144e-09
 2.03721e-09
-7.34515e-09
-2.65359e-10
 2.16217e-11
 1.81872e-10
-9.45423e-09
-1.77948e-10
 2.20367e-09
-1.87201e-08
 1.08819e-09
-7.06436e-21
count 15
(curr.pk-pk_prev).cwiseAbs().sum() 3.47623e-05
(curr.pk-p0).cwiseAbs().sum() 0.027514
stable?: 1 converged?: 1 G: 8.16441e-09
count: 15
zkpk
     6.16159
    0.735809
   -0.020735
    0.137363
   -0.369601
 0.000458925
     14.6398
     1.75164
  0.00521212
     1.53602
 -0.00890547
  -0.0420458
   -0.881205
    -14.5971
    -10.3235
    0.638994
    -2.04245
    0.524182
  0.00733664
 -0.00531429
   0.0451457
     -7.9455
    -16.6931
    0.690497
    0.768229
   0.0361642
  -0.0459063
     37537.8
     1.95924
    -89.2444
     78.6534
    -2.59829
     0.17759
   -0.868145
    -1.11389
     2.64994
  -0.0511179
     5115.26
     5143.88
    -41.7956
    -42.2734
    0.783437
     573.228
     -513.72
    0.208378
    -4.71121
     2.92251
   -0.319092
    -22.0002
     278.117
     1583.44
     1560.19
     1561.95
     1538.94
    0.362681
-0.000158831
-1.60256e-05
  0.00245715
          20
         -20

0.985795
       1
       1
 1.00001
       1
       1
       1
0.999999
       1
 1.00307
0.992643
       1
0.999927
       1
       1
 1.00002
       1
       1
       1
0.999996
       1
0.999244
 1.00171
       1
 1.00007
 1.00001
0.999986
       1
       1
0.999999
 0.99987
0.999995
 1.00003
 1.00003
       1
       1
