1
tp: 41716
Elapsed Time d2w: 1208428607 us
Elapsed Time dG: 7632 us
vz -2.84488e-08
 6.49673e-11
-1.27123e-08
-3.72008e-09
-7.05403e-08
-1.06216e-07
-1.36627e-07
 6.36192e-10
-5.25603e-08
-6.10231e-11
 1.81503e-10
-8.21654e-09
          -0
          -0
          -0
          -0
          -0
          -0
   1.285e-09
          -0
          -0
 4.73351e-10
          -0
-6.61786e-14
          -0
-4.24746e-11
          -0
          -0
-7.76228e-11
          -0
          -0
-1.63984e-08
          -0
          -0
-3.92802e-10
          -0
          -0
 6.09986e-16
-3.16742e-16
 3.98727e-15
-2.25276e-15
-3.78777e-11
          -0
          -0
-1.74299e-09
          -0
          -0
-5.48197e-11
          -0
          -0
          -0
          -0
          -0
          -0
-4.30932e-11
-5.24444e-09
-2.58058e-10
-2.79594e-07
          -0
          -0
vp  -3.4627e-07
-4.68415e-06
 5.17365e-07
-3.50998e-11
 6.89135e-12
-1.65925e-11
  1.7199e-10
 1.35183e-11
 1.13221e-09
 7.49887e-09
-3.66293e-07
 8.67092e-09
-2.87432e-12
-3.69854e-13
 2.07048e-11
 5.56554e-11
 5.95553e-12
 3.12149e-10
 -9.8693e-11
-7.71553e-11
 9.20922e-10
-5.45863e-09
 2.92891e-08
-5.88542e-08
 5.27344e-10
 5.03168e-10
-5.56355e-10
 2.27796e-13
 4.28667e-15
-1.75006e-11
-1.60923e-11
-4.95524e-13
 3.39489e-10
 2.46575e-11
 7.73515e-12
-2.13172e-11
backtrackingCount 0
pk      1.99453
  -0.0739729
  0.00817031
           2
 1.08829e-07
-2.62031e-07
           2
         0.5
   1.788e-05
     25.0001
    0.994215
 0.000136932
          25
           1
 3.26973e-07
          25
          15
  4.9295e-06
           6
           3
 1.45433e-05
     5.99991
     3.00046
-0.000929435
     6.00001
     1.00001
    0.349991
         250
         500
         2.5
         250
         500
     2.50001
         120
        16.7
-3.36644e-07
backtrackingCount 1
pk      1.99863
  -0.0184932
  0.00204258
           2
 2.72073e-08
-6.55077e-08
           2
         0.5
 4.47001e-06
          25
    0.998554
 3.42331e-05
          25
           1
 8.17432e-08
          25
          15
 1.23238e-06
           6
           3
 3.63584e-06
     5.99998
     3.00012
-0.000232359
           6
           1
    0.349998
         250
         500
         2.5
         250
         500
         2.5
         120
        16.7
-8.41611e-08
backtrackingCount 2
pk      1.99983
 -0.00231165
 0.000255322
           2
 3.40091e-09
-8.18847e-09
           2
         0.5
 5.58751e-07
          25
    0.999819
 4.27914e-06
          25
           1
 1.02179e-08
          25
          15
 1.54047e-07
           6
           3
  4.5448e-07
           6
     3.00001
-2.90449e-05
           6
           1
        0.35
         250
         500
         2.5
         250
         500
         2.5
         120
        16.7
-1.05201e-08
backtracking time: 139334 us
backtracking count: 3
count 1
(curr.pk-pk_prev).cwiseAbs().sum() 0.00297521
(curr.pk-p0).cwiseAbs().sum() 0.00297521
tp: 41323
Elapsed Time d2w: 1199438855 us
Elapsed Time dG: 7661 us
vz -3.27974e-08
-6.29034e-09
-1.62864e-08
 5.51149e-10
-9.91654e-08
-5.71465e-08
-1.54098e-07
 -3.1945e-09
-5.98022e-08
-2.17713e-11
 4.81207e-11
-4.65237e-09
-3.79831e-11
          -0
          -0
 1.07679e-17
          -0
          -0
 1.92754e-09
          -0
          -0
 5.48811e-10
          -0
 1.26324e-10
          -0
 5.21511e-10
          -0
          -0
-7.64581e-11
          -0
          -0
-1.80667e-08
          -0
          -0
-3.77748e-10
          -0
          -0
 1.30847e-15
-7.13898e-16
-5.52554e-16
 1.30713e-16
-3.41781e-11
          -0
          -0
-1.89964e-09
          -0
          -0
-5.34882e-11
          -0
          -0
          -0
          -0
          -0
          -0
-8.55922e-11
-5.49436e-09
 6.74239e-09
-1.58434e-07
          -0
          -0
vp -4.21745e-07
-5.51376e-06
 6.14631e-07
-2.97192e-10
 1.92618e-09
-3.79625e-09
 2.40021e-10
 4.55426e-11
 1.32911e-09
 8.48957e-09
-4.32448e-07
 1.05697e-08
-2.14549e-10
 4.91137e-11
 7.39987e-10
 6.85027e-11
 8.53748e-12
 3.34749e-10
-1.57858e-10
-1.35043e-10
 1.56071e-09
-6.28777e-09
 3.51544e-08
-7.21669e-08
 1.13798e-09
   3.219e-10
 4.12449e-10
  7.2158e-13
-1.05277e-14
-4.73582e-11
-1.99039e-11
-5.86763e-13
 4.03166e-10
 6.36153e-11
 9.19833e-12
-8.20771e-11
backtrackingCount 0
pk      1.99649
  -0.0460253
  0.00512818
           2
 1.52744e-05
-3.01053e-05
           2
         0.5
 1.10961e-05
     25.0001
    0.996391
  8.8077e-05
          25
           1
 5.87692e-06
          25
          15
 2.80797e-06
           6
           3
  1.2828e-05
     5.99995
     3.00029
-0.000601192
     6.00001
           1
    0.350003
         250
         500
         2.5
         250
         500
         2.5
         120
        16.7
-6.61236e-07
backtrackingCount 1
pk      1.99972
  -0.0036777
 0.000407599
           2
 4.80618e-07
-9.48723e-07
           2
         0.5
 8.88042e-07
          25
    0.999712
 6.89782e-06
          25
           1
 1.93552e-07
          25
          15
 2.36982e-07
           6
           3
 8.41152e-07
           6
     3.00002
-4.69245e-05
           6
           1
        0.35
         250
         500
         2.5
         250
         500
         2.5
         120
        16.7
 -3.0855e-08
backtracking time: 135776 us
backtracking count: 2
count 2
(curr.pk-pk_prev).cwiseAbs().sum() 0.00176615
(curr.pk-p0).cwiseAbs().sum() 0.00474115
tp: 36473
Elapsed Time d2w: 1049595338 us
Elapsed Time dG: 7655 us
vz -1.93964e-08
-3.84111e-09
-5.17851e-09
 -1.5737e-09
-6.76135e-08
 9.31167e-09
-9.48543e-08
-1.87412e-09
-3.44991e-08
-6.39235e-11
 1.69281e-11
  1.6033e-09
-3.59892e-11
          -0
          -0
 9.30521e-16
          -0
          -0
 9.21005e-12
          -0
          -0
 3.24786e-10
          -0
 7.72492e-11
          -0
-1.01446e-09
          -0
          -0
 -9.5575e-11
          -0
          -0
-1.12704e-08
          -0
          -0
-3.59966e-10
          -0
          -0
 1.81778e-15
-1.01887e-15
-2.67586e-15
 1.30247e-15
 -4.3931e-11
          -0
          -0
-1.08024e-09
          -0
          -0
-4.95156e-11
          -0
          -0
          -0
          -0
          -0
          -0
-3.33907e-11
-9.70851e-09
 1.08287e-08
 5.45347e-08
          -0
          -0
vp -2.37466e-07
-2.98987e-06
 3.03079e-07
 2.71329e-11
 1.25442e-09
-3.41832e-09
 1.43876e-10
-8.69347e-11
  5.8014e-10
 2.78526e-09
-2.32925e-07
  6.0319e-09
-1.21276e-10
 3.65166e-11
 9.00262e-11
 3.08778e-11
-1.76949e-12
 1.39466e-10
 1.60215e-11
-6.44527e-11
 1.22489e-10
-4.39775e-09
 1.74755e-08
-3.19596e-08
 6.27277e-10
 6.59671e-10
-2.77084e-09
-2.42762e-14
-1.78819e-14
 5.39429e-13
-2.19001e-11
-3.01508e-13
 4.93737e-10
 4.04447e-12
  2.0782e-11
-2.68581e-11
backtrackingCount 0
pk      1.99526
  -0.0598613
  0.00610285
           2
 2.40529e-05
-6.51836e-05
           2
    0.499998
 1.17897e-05
     25.0001
    0.995335
 0.000120245
          25
           1
 1.88527e-06
          25
          15
 2.85773e-06
           6
           3
 3.14288e-06
     5.99991
     3.00035
-0.000647488
     6.00001
     1.00001
    0.349948
         250
         500
         2.5
         250
         500
     2.50001
         120
        16.7
-5.35555e-07
backtrackingCount 1
pk      1.99959
 -0.00543344
 0.000585576
           2
 1.21725e-06
-2.95606e-06
           2
         0.5
 1.22872e-06
          25
    0.999575
 1.04399e-05
          25
           1
 2.46418e-07
          25
          15
  3.1888e-07
           6
           3
 9.13081e-07
     5.99999
     3.00003
-6.56921e-05
           6
           1
    0.349998
         250
         500
         2.5
         250
         500
         2.5
         120
        16.7
-4.66269e-08
backtracking time: 131759 us
backtracking count: 2
count 3
(curr.pk-pk_prev).cwiseAbs().sum() 0.00225305
(curr.pk-p0).cwiseAbs().sum() 0.00699412
tp: 36512
Elapsed Time d2w: 1047496128 us
Elapsed Time dG: 9563 us
vz -1.98498e-08
-8.97707e-10
-8.16524e-09
 6.35345e-10
-5.45871e-08
 -8.1227e-08
-9.64621e-08
 3.96483e-12
-3.59919e-08
-4.81333e-11
 3.27358e-11
-6.46322e-09
-5.35797e-11
          -0
          -0
 5.48727e-16
          -0
          -0
 7.81616e-10
          -0
          -0
 3.26814e-10
          -0
 1.82694e-11
          -0
 2.78902e-11
          -0
          -0
-1.27033e-11
          -0
          -0
-1.16091e-08
          -0
          -0
-2.41367e-10
          -0
          -0
  1.8806e-15
-1.06034e-15
-1.41644e-15
 1.05879e-15
-5.60537e-12
          -0
          -0
-1.12309e-09
          -0
          -0
-3.46893e-11
          -0
          -0
          -0
          -0
          -0
          -0
-1.28457e-10
-9.01565e-09
 9.55919e-09
-2.19898e-07
          -0
          -0
vp -2.41921e-07
-3.03795e-06
 3.04718e-07
-1.27439e-09
  2.4982e-11
-2.97907e-09
 1.59641e-10
-5.28279e-11
 5.20948e-10
 2.85279e-09
-2.36318e-07
 6.09286e-09
-2.01206e-10
-2.01595e-11
 4.50851e-10
  3.0125e-11
 1.57573e-12
 1.48777e-10
-1.74406e-10
-9.38977e-11
 1.50191e-09
-4.55096e-09
 1.82868e-08
-3.29605e-08
 1.06856e-09
 2.67651e-11
 2.33576e-09
 6.99508e-13
-3.25405e-14
-5.91028e-11
-2.23066e-11
-3.57205e-13
 4.94228e-10
  8.2236e-11
  2.1518e-12
-8.43419e-11
backtrackingCount 0
pk      1.99678
  -0.0406981
  0.00412275
     1.99999
 1.50724e-06
-3.75372e-05
           2
    0.499999
  7.2759e-06
          25
    0.996832
 8.11661e-05
          25
           1
 5.47991e-06
          25
          15
 2.04589e-06
           6
           3
 1.83473e-05
     5.99994
     3.00025
-0.000448299
     6.00001
           1
    0.350025
         250
         500
         2.5
         250
         500
     2.50001
         120
        16.7
-1.02567e-06
backtrackingCount 1
pk       1.9995
 -0.00653546
 0.000696113
           2
 1.22631e-06
-4.03672e-06
           2
         0.5
 1.41769e-06
          25
     0.99949
 1.26501e-05
          25
           1
 4.09965e-07
          25
          15
 3.72849e-07
           6
           3
  1.4579e-06
     5.99999
     3.00004
-7.76485e-05
           6
           1
    0.349999
         250
         500
         2.5
         250
         500
         2.5
         120
        16.7
 -7.7222e-08
backtracking time: 140328 us
backtracking count: 2
count 4
(curr.pk-pk_prev).cwiseAbs().sum() 0.00141381
(curr.pk-p0).cwiseAbs().sum() 0.00840622
tp: 40389
Elapsed Time d2w: 1172653565 us
Elapsed Time dG: 7727 us
vz -2.15584e-08
-6.27597e-09
-2.27863e-09
-1.91247e-09
  -7.866e-08
 2.87946e-08
-1.05995e-07
-3.28383e-09
-3.65213e-08
-4.55245e-11
-2.46833e-11
 2.81139e-09
-7.20648e-11
          -0
          -0
 3.87568e-15
          -0
          -0
 -8.4866e-10
          -0
          -0
 3.66542e-10
          -0
 1.26019e-10
          -0
-2.10238e-09
          -0
          -0
-1.12724e-10
          -0
          -0
-1.25558e-08
          -0
          -0
-3.72639e-10
          -0
          -0
 1.20438e-15
 -6.5076e-16
-2.05352e-15
 9.98824e-16
-5.28944e-11
          -0
          -0
-1.20171e-09
          -0
          -0
-5.11841e-11
          -0
          -0
          -0
          -0
          -0
          -0
-3.24297e-11
-6.47633e-09
 6.81604e-09
 9.55519e-08
          -0
          -0
vp -2.79666e-07
-3.53033e-06
 3.79989e-07
 7.05984e-10
 2.16992e-09
-3.44758e-09
  1.4493e-11
-9.53934e-11
 9.26148e-10
 4.67521e-09
-2.75742e-07
 6.68395e-09
-9.90611e-11
 7.79207e-11
 2.52797e-10
 3.38792e-11
 -3.4475e-12
  2.2892e-10
 2.53328e-11
-6.79657e-11
 7.50858e-11
-4.27063e-09
 2.21559e-08
-4.52419e-08
 5.00642e-10
 7.47244e-10
-3.79278e-09
-9.42648e-14
 7.89503e-15
-5.85266e-12
-1.64216e-11
 -3.0284e-13
 3.26345e-10
-1.29579e-11
 2.21361e-11
-7.67009e-11
backtrackingCount 0
pk      1.99548
     -0.0573
  0.00616018
     2.00001
 3.24288e-05
-5.36114e-05
           2
    0.499999
 1.47353e-05
     25.0001
    0.995525
 0.000108762
          25
           1
 4.04507e-06
          25
          15
 3.66462e-06
           6
           3
  2.5376e-06
     5.99993
     3.00036
-0.000728207
     6.00001
     1.00001
    0.349945
         250
         500
         2.5
         250
         500
     2.50001
         120
        16.7
-1.18015e-06
backtrackingCount 1
pk      1.99937
 -0.00812185
 0.000866865
           2
 2.20139e-06
-5.58593e-06
           2
         0.5
 1.83387e-06
          25
    0.999366
 1.56536e-05
          25
           1
 5.23562e-07
          25
          15
 4.75717e-07
           6
           3
 1.49164e-06
     5.99999
     3.00005
-9.79785e-05
           6
           1
    0.349997
         250
         500
         2.5
         250
         500
         2.5
         120
        16.7
-1.11688e-07
backtracking time: 125785 us
backtracking count: 2
count 5
(curr.pk-pk_prev).cwiseAbs().sum() 0.0020502
(curr.pk-p0).cwiseAbs().sum() 0.0104557
tp: 36231
Elapsed Time d2w: 1045661653 us
Elapsed Time dG: 7616 us
vz -3.57509e-08
 1.71992e-08
-1.30425e-08
 7.96992e-09
-1.83672e-08
-4.49836e-07
-1.73818e-07
 1.11325e-08
-6.40367e-08
 8.30795e-12
 8.46759e-10
-3.66384e-08
-1.41738e-10
          -0
          -0
-1.89671e-14
          -0
          -0
 1.03156e-09
          -0
          -0
 5.76736e-10
          -0
-3.42583e-10
          -0
-2.89038e-10
          -0
          -0
 2.08976e-10
          -0
          -0
-2.17373e-08
          -0
          -0
-3.28132e-10
          -0
          -0
 2.58635e-15
-1.86655e-15
 7.07536e-15
-4.19026e-15
 9.85982e-11
          -0
          -0
-2.29375e-09
          -0
          -0
-4.89721e-11
          -0
          -0
          -0
          -0
          -0
          -0
-4.02255e-10
-1.00582e-08
  2.6394e-08
-1.24613e-06
          -0
          -0
vp -4.23757e-07
-5.32238e-06
  5.3232e-07
-5.80173e-09
-6.55995e-09
  1.5642e-09
 3.05528e-10
-1.59981e-10
 7.73434e-10
 5.46915e-09
 -4.1273e-07
 1.05528e-08
-2.96874e-10
-2.90017e-10
 6.21609e-11
  4.8308e-11
-1.43397e-12
 2.91004e-10
-3.57901e-10
-2.37703e-11
 2.40633e-09
 -8.1082e-09
 3.33536e-08
-6.06115e-08
 1.22679e-09
-6.50006e-10
 1.39102e-08
 1.11992e-12
-4.86254e-14
-8.11006e-11
 -3.7724e-11
-6.58965e-13
 8.80887e-10
 2.38296e-10
-2.68596e-11
-9.53582e-11
backtrackingCount 0
pk      1.99888
  -0.0143047
  0.00148524
     1.99999
-5.41904e-06
-3.76886e-06
           2
         0.5
 2.73233e-06
          25
    0.998886
 2.79124e-05
          25
           1
 5.95772e-07
          25
          15
 8.13765e-07
           6
           3
 4.28697e-06
     5.99998
     3.00009
-0.000168388
           6
           1
    0.350014
         250
         500
         2.5
         250
         500
         2.5
         120
        16.7
-2.22462e-07
backtracking time: 124416 us
backtracking count: 1
count 6
(curr.pk-pk_prev).cwiseAbs().sum() 0.007952
(curr.pk-p0).cwiseAbs().sum() 0.0183927
tp: 34932
Elapsed Time d2w: 1003219371 us
Elapsed Time dG: 7866 us
vz -1.91053e-08
-3.02283e-09
 -1.1189e-09
-2.10697e-09
-6.78082e-08
 5.03631e-09
 -9.5636e-08
 -1.3082e-09
-3.23806e-08
-7.68066e-11
-5.02799e-12
 9.34807e-10
-1.40652e-10
          -0
          -0
-8.25764e-15
          -0
          -0
-9.67777e-10
          -0
          -0
 3.25943e-10
          -0
 6.08961e-11
          -0
-2.05759e-09
          -0
          -0
-8.81879e-11
          -0
          -0
-1.14618e-08
          -0
          -0
-3.88144e-10
          -0
          -0
 1.89996e-15
-1.07807e-15
-3.21604e-15
 1.63273e-15
-4.13962e-11
          -0
          -0
-1.06041e-09
          -0
          -0
-5.33754e-11
          -0
          -0
          -0
          -0
          -0
          -0
-7.68288e-11
-1.08083e-08
 1.15314e-08
 3.18125e-08
          -0
          -0
vp -2.56765e-07
-2.93036e-06
 2.99667e-07
-2.80032e-10
 1.06621e-09
-3.61352e-09
-6.35162e-11
-1.64548e-10
 7.64463e-10
 2.17042e-09
-2.28297e-07
 6.58383e-09
-1.45283e-10
 2.04564e-11
 3.75859e-11
 2.05657e-11
-6.99264e-12
  2.2802e-10
  5.3046e-12
-6.75701e-11
 1.70522e-10
 -4.3963e-09
 1.81226e-08
-3.43653e-08
 7.63147e-10
 6.67764e-10
-2.27955e-09
-7.61914e-14
 -3.7667e-14
-1.57878e-11
-2.37521e-11
 -3.0322e-13
 4.60151e-10
 1.56016e-11
 2.10639e-11
-1.94407e-10
backtrackingCount 0
pk      1.98856
   -0.132027
   0.0135239
     1.99998
 3.74141e-05
-0.000148936
           2
    0.499993
 3.34434e-05
     25.0001
    0.989715
 0.000292407
          25
           1
 2.10573e-06
          25
          15
 9.97411e-06
           6
           3
 1.11374e-05
      5.9998
     3.00082
 -0.00154896
     6.00003
     1.00003
    0.349922
         250
         500
         2.5
         250
         500
     2.50002
         120
        16.7
-8.03246e-06
backtrackingCount 1
pk      1.99856
  -0.0179835
  0.00186145
     1.99999
 -4.0805e-06
-8.30534e-06
           2
         0.5
 3.69206e-06
          25
      0.9986
 3.61778e-05
          25
           1
 6.42958e-07
          25
          15
 1.10003e-06
           6
           3
 4.50105e-06
     5.99997
     3.00011
-0.000211531
           6
           1
    0.350011
         250
         500
         2.5
         250
         500
         2.5
         120
        16.7
-4.66525e-07
backtracking time: 125135 us
backtracking count: 2
count 7
(curr.pk-pk_prev).cwiseAbs().sum() 0.00476032
(curr.pk-p0).cwiseAbs().sum() 0.0231444
tp: 34907
Elapsed Time d2w: 1005791437 us
Elapsed Time dG: 7845 us
vz -2.77866e-08
  1.6125e-08
-4.13035e-09
 9.05409e-09
 -3.6974e-08
-3.53552e-07
 -1.3527e-07
 1.06007e-08
 -4.5776e-08
  -6.498e-11
 3.84811e-10
-2.74412e-08
-2.46764e-10
          -0
          -0
 3.29831e-14
          -0
          -0
 -6.2092e-10
          -0
          -0
 4.54044e-10
          -0
  -3.213e-10
          -0
 -1.6868e-09
          -0
          -0
 1.83882e-10
          -0
          -0
-1.67101e-08
          -0
          -0
-3.71492e-10
          -0
          -0
 6.43463e-15
-4.12403e-15
-4.80444e-15
 2.38854e-15
 8.74448e-11
          -0
          -0
 -1.6666e-09
          -0
          -0
-5.44507e-11
          -0
          -0
          -0
          -0
          -0
          -0
-3.72215e-10
-2.73426e-08
 3.86955e-08
-9.32903e-07
          -0
          -0
vp -3.68156e-07
-4.15661e-06
 4.19621e-07
 -5.6255e-09
-5.81381e-09
-5.39258e-09
-9.07642e-11
-2.92309e-10
 8.74023e-10
 3.14438e-09
 -3.2324e-07
 9.28999e-09
-3.10658e-10
-2.70959e-10
-4.71673e-10
 1.92282e-11
-8.91445e-12
 3.01463e-10
-4.63301e-10
-4.78618e-11
 2.96707e-09
  -6.447e-09
  2.7566e-08
-5.20354e-08
 1.72678e-09
 -4.0431e-10
 9.55958e-09
 7.60657e-13
-1.62625e-13
  -1.158e-10
-3.24399e-11
-7.03644e-13
  5.2852e-10
 2.21897e-10
-1.38372e-11
-2.71135e-10
backtrackingCount 0
pk      1.99776
  -0.0270389
  0.00277561
     1.99998
-1.67462e-05
-2.00533e-05
           2
    0.499999
 5.59616e-06
          25
    0.997895
 5.64165e-05
          25
    0.999999
-3.84606e-07
          25
          15
 1.75678e-06
           6
           3
  1.0965e-05
     5.99996
     3.00017
-0.000324893
     6.00001
           1
    0.350031
         250
         500
         2.5
         250
         500
         2.5
         120
        16.7
-1.05721e-06
backtracking time: 105261 us
backtracking count: 1
count 8
(curr.pk-pk_prev).cwiseAbs().sum() 0.0117684
(curr.pk-p0).cwiseAbs().sum() 0.0349093
tp: 28749
Elapsed Time d2w: 824276976 us
Elapsed Time dG: 7703 us
vz -1.11525e-08
 7.08329e-10
 8.63658e-10
-1.03964e-09
-3.53807e-08
-1.29355e-08
-5.86428e-08
 7.11181e-10
-1.88633e-08
-1.40079e-10
 8.71821e-11
-8.82604e-10
-1.56702e-10
          -0
          -0
 6.01593e-15
          -0
          -0
  -9.271e-10
          -0
          -0
 1.90458e-10
          -0
-1.41371e-11
          -0
-1.50874e-09
          -0
          -0
-1.55218e-11
          -0
          -0
-7.26582e-09
          -0
          -0
-2.99054e-10
          -0
          -0
 3.45213e-15
-2.09658e-15
-4.85264e-15
 2.64852e-15
-7.25333e-12
          -0
          -0
-6.26498e-10
          -0
          -0
-4.11746e-11
          -0
          -0
          -0
          -0
          -0
          -0
-1.33862e-10
-2.06456e-08
  2.2205e-08
 -2.9655e-08
          -0
          -0
vp -1.61047e-07
-1.55593e-06
 1.37314e-07
 -1.3058e-09
-4.89582e-10
-5.28007e-09
-2.54339e-10
-3.14157e-10
 6.65931e-11
-9.40725e-10
-1.20286e-07
 4.36424e-09
-1.62365e-10
-6.20955e-11
 -5.3641e-10
-2.34942e-11
  -1.468e-11
 8.59837e-11
-7.17466e-11
-5.60635e-11
 2.41439e-10
-3.69332e-09
 9.46368e-09
-1.50746e-08
 1.26274e-09
 2.99713e-10
-7.36167e-10
-1.16577e-12
-2.76369e-13
-2.08993e-11
-3.39493e-11
-3.32115e-13
 6.32596e-10
 5.43053e-11
 1.27821e-11
-1.27978e-09
backtrackingCount 0
pk      1.97766
   -0.221181
    0.019909
     1.99982
-7.78341e-05
-0.000678877
     1.99997
     0.49996
 1.39054e-05
     24.9999
    0.982887
 0.000600967
          25
    0.999991
-6.73155e-05
          25
          15
 1.24854e-05
     5.99999
     2.99999
 4.10907e-05
      5.9995
     3.00135
 -0.00220583
     6.00017
     1.00004
     0.34994
         250
         500
         2.5
         250
         500
     2.50008
         120
        16.7
-0.000160742
backtrackingCount 1
pk      1.99713
  -0.0331058
  0.00331103
     1.99998
-1.86552e-05
-4.06416e-05
           2
    0.499998
 5.85582e-06
          25
    0.997426
 7.34338e-05
          25
    0.999999
 -2.4762e-06
          25
          15
 2.09205e-06
           6
           3
 1.19064e-05
     5.99995
     3.00021
-0.000383673
     6.00001
           1
    0.350029
         250
         500
         2.5
         250
         500
     2.50001
         120
        16.7
-6.04735e-06
backtrackingCount 2
pk      1.99775
  -0.0271337
  0.00278398
     1.99998
 -1.6776e-05
 -2.0375e-05
           2
    0.499999
 5.60022e-06
          25
    0.997888
 5.66824e-05
          25
    0.999999
-4.17287e-07
          25
          15
 1.76202e-06
           6
           3
 1.09797e-05
     5.99996
     3.00017
-0.000325812
     6.00001
           1
    0.350031
         250
         500
         2.5
         250
         500
         2.5
         120
        16.7
-1.13518e-06
backtracking time: 113291 us
backtracking count: 3
count 9
(curr.pk-pk_prev).cwiseAbs().sum() 0.000123156
(curr.pk-p0).cwiseAbs().sum() 0.0350322
tp: 28741
Elapsed Time d2w: 815117026 us
Elapsed Time dG: 8651 us
vz -1.06346e-08
 5.99183e-10
 1.23801e-09
-1.10904e-09
-3.35373e-08
-1.10549e-08
-5.66047e-08
 6.39611e-10
-1.80335e-08
-1.33549e-10
 8.57301e-11
 -7.2841e-10
 -1.5026e-10
          -0
          -0
 5.09117e-15
          -0
          -0
-9.90416e-10
          -0
          -0
 1.81635e-10
          -0
-1.19264e-11
          -0
-1.55873e-09
          -0
          -0
-1.98228e-11
          -0
          -0
-7.05965e-09
          -0
          -0
-2.88976e-10
          -0
          -0
 3.24838e-15
-1.97451e-15
-4.51633e-15
 2.47259e-15
-9.26252e-12
          -0
          -0
-5.98279e-10
          -0
          -0
-3.97195e-11
          -0
          -0
          -0
          -0
          -0
          -0
-1.24552e-10
-1.95432e-08
 2.09986e-08
-2.44167e-08
          -0
          -0
vp -1.51019e-07
-1.47704e-06
 1.30033e-07
-1.19775e-09
-4.24113e-10
-5.30008e-09
-2.46948e-10
-3.00651e-10
 5.96793e-11
-7.64335e-10
-1.13864e-07
 4.09231e-09
-1.52512e-10
-5.61564e-11
-5.32317e-10
-2.28748e-11
-1.43812e-11
 7.26833e-11
-5.60014e-11
-5.27577e-11
 1.37808e-10
-3.50561e-09
 8.92507e-09
-1.41621e-08
 1.17719e-09
 3.08668e-10
-8.90692e-10
-1.19752e-12
 -2.6909e-13
-1.85495e-11
-3.20887e-11
-3.22603e-13
 5.96038e-10
 4.84888e-11
 1.27103e-11
-1.24878e-09
backtrackingCount 0
pk      1.99523
  -0.0517818
  0.00495392
     1.99996
-2.38534e-05
 -0.00010882
           2
    0.499994
 6.59612e-06
          25
    0.995988
 0.000124973
          25
    0.999998
-9.30036e-06
          25
          15
 2.97492e-06
           6
           3
 1.32794e-05
      5.9999
     3.00032
-0.000562142
     6.00003
     1.00001
    0.350017
         250
         500
         2.5
         250
         500
     2.50001
         120
        16.7
-2.19742e-05
backtrackingCount 1
pk      1.99774
  -0.0272299
  0.00279246
     1.99998
-1.68037e-05
-2.07205e-05
           2
    0.499999
 5.60411e-06
          25
    0.997881
 5.69492e-05
          25
    0.999999
-4.51987e-07
          25
          15
 1.76676e-06
           6
           3
 1.09887e-05
     5.99996
     3.00017
-0.000326735
     6.00001
           1
    0.350031
         250
         500
         2.5
         250
         500
         2.5
         120
        16.7
-1.21658e-06
backtracking time: 108155 us
backtracking count: 2
count 10
(curr.pk-pk_prev).cwiseAbs().sum() 0.00012492
(curr.pk-p0).cwiseAbs().sum() 0.0351569
tp: 28733
Elapsed Time d2w: 818905727 us
Elapsed Time dG: 7713 us
vz -1.14663e-08
 5.45684e-10
 1.39857e-09
-1.44507e-09
 -3.6069e-08
-1.04313e-08
-6.10158e-08
 6.30753e-10
-1.94247e-08
-1.46273e-10
 9.73835e-11
-6.92733e-10
-1.62821e-10
          -0
          -0
 4.64288e-15
          -0
          -0
-1.08557e-09
          -0
          -0
 1.96184e-10
          -0
-1.08351e-11
          -0
-1.70704e-09
          -0
          -0
-2.65672e-11
          -0
          -0
 -7.6059e-09
          -0
          -0
 -3.1117e-10
          -0
          -0
 3.44485e-15
 -2.1145e-15
-4.74893e-15
 2.59067e-15
-1.25365e-11
          -0
          -0
-6.46562e-10
          -0
          -0
-4.27151e-11
          -0
          -0
          -0
          -0
          -0
          -0
-1.33565e-10
-2.10966e-08
 2.25034e-08
-2.31682e-08
          -0
          -0
vp  -1.6281e-07
 -1.5946e-06
 1.40787e-07
-1.24401e-09
-4.14269e-10
-5.42022e-09
-2.64144e-10
-3.20894e-10
 6.63588e-11
-7.83575e-10
-1.22948e-07
 4.37789e-09
-1.60515e-10
-5.80469e-11
-5.43957e-10
-2.43329e-11
-1.54675e-11
 6.92962e-11
-4.57838e-11
-5.42777e-11
 3.95008e-11
-3.73624e-09
 9.64767e-09
-1.54202e-08
 1.23306e-09
 3.62322e-10
-1.15417e-09
-1.35124e-12
-2.88947e-13
-1.74693e-11
-3.38648e-11
-3.48035e-13
 6.28614e-10
 4.85077e-11
 1.45421e-11
-1.39451e-09
backtrackingCount 0
pk      1.99518
  -0.0522622
  0.00500254
     1.99996
-2.33069e-05
-0.000105808
           2
    0.499994
 6.64582e-06
          25
    0.995951
 0.000125674
          25
    0.999998
-8.99108e-06
          25
          15
 2.85457e-06
           6
           3
 1.16088e-05
      5.9999
     3.00032
-0.000568803
     6.00003
     1.00001
    0.350013
         250
         500
         2.5
         250
         500
     2.50001
         120
        16.7
-2.31078e-05
backtrackingCount 1
pk      1.99773
  -0.0273277
  0.00280109
     1.99998
-1.68291e-05
-2.10529e-05
           2
    0.499999
 5.60818e-06
          25
    0.997873
 5.72177e-05
          25
    0.999999
-4.85343e-07
          25
          15
   1.771e-06
           6
           3
 1.09911e-05
     5.99996
     3.00017
 -0.00032768
     6.00001
           1
    0.350031
         250
         500
         2.5
         250
         500
         2.5
         120
        16.7
-1.30209e-06
backtracking time: 116418 us
backtracking count: 2
count 11
(curr.pk-pk_prev).cwiseAbs().sum() 0.000126857
(curr.pk-p0).cwiseAbs().sum() 0.0352835
tp: 28725
Elapsed Time d2w: 823162436 us
Elapsed Time dG: 8770 us
vz -1.12434e-08
 7.16329e-10
 1.00255e-09
-1.27309e-09
 -3.5145e-08
 -1.2102e-08
-5.91382e-08
 7.11003e-10
-1.89675e-08
-1.51531e-10
 1.01453e-10
 -8.5044e-10
-1.59831e-10
          -0
          -0
 6.10971e-15
          -0
          -0
-9.68389e-10
          -0
          -0
 1.92228e-10
          -0
-1.42949e-11
          -0
-1.56163e-09
          -0
          -0
  -1.927e-11
          -0
          -0
-7.33123e-09
          -0
          -0
-3.03484e-10
          -0
          -0
 3.57295e-15
-2.19881e-15
-4.92959e-15
 2.69655e-15
-9.13729e-12
          -0
          -0
-6.35124e-10
          -0
          -0
-4.17125e-11
          -0
          -0
          -0
          -0
          -0
          -0
-1.37504e-10
-2.19125e-08
 2.33663e-08
-2.85014e-08
          -0
          -0
vp -1.62823e-07
-1.56994e-06
 1.38634e-07
-1.31765e-09
-5.01823e-10
 -5.6083e-09
-2.66357e-10
 -3.2371e-10
 1.37946e-11
-9.53137e-10
-1.21382e-07
 4.40797e-09
-1.62851e-10
-6.36812e-11
 -5.8342e-10
-2.66521e-11
-1.53195e-11
 5.32515e-11
-5.69267e-11
-5.51388e-11
 8.44002e-11
-3.72759e-09
 9.57972e-09
-1.53865e-08
 1.27118e-09
 3.25573e-10
-9.96268e-10
-1.40639e-12
-3.09671e-13
-1.93082e-11
-3.45087e-11
-3.59605e-13
 6.31883e-10
 5.18958e-11
 1.35735e-11
-1.50808e-09
backtrackingCount 0
pk      1.99516
  -0.0520522
  0.00498439
     1.99996
-2.47321e-05
-0.000109376
           2
    0.499994
 5.82542e-06
          25
    0.995962
 0.000126637
          25
    0.999998
-9.67342e-06
          25
          15
 2.60964e-06
           6
           3
 1.23203e-05
      5.9999
     3.00032
-0.000569996
     6.00003
     1.00001
    0.350016
         250
         500
         2.5
         250
         500
     2.50001
         120
        16.7
-2.50524e-05
backtrackingCount 1
pk      1.99772
  -0.0274243
  0.00280962
     1.99998
-1.68599e-05
-2.13979e-05
           2
    0.499999
 5.60903e-06
          25
    0.997866
 5.74888e-05
          25
    0.999999
-5.21234e-07
          25
          15
 1.77428e-06
           6
           3
 1.09963e-05
     5.99996
     3.00017
-0.000328627
     6.00001
           1
    0.350031
         250
         500
         2.5
         250
         500
         2.5
         120
        16.7
-1.39487e-06
backtracking time: 120824 us
backtracking count: 2
count 12
(curr.pk-pk_prev).cwiseAbs().sum() 0.000125548
(curr.pk-p0).cwiseAbs().sum() 0.0354087
tp: 28717
Elapsed Time d2w: 818167206 us
Elapsed Time dG: 7717 us
vz -1.14907e-08
 5.58994e-10
 1.53867e-09
-1.57925e-09
  -3.579e-08
-1.01284e-08
-6.11484e-08
 6.35134e-10
-1.94015e-08
-1.53649e-10
 1.05726e-10
-6.79502e-10
-1.64401e-10
          -0
          -0
 4.76984e-15
          -0
          -0
-1.12224e-09
          -0
          -0
 1.96694e-10
          -0
-1.11026e-11
          -0
-1.75086e-09
          -0
          -0
-2.90035e-11
          -0
          -0
-7.62505e-09
          -0
          -0
-3.12732e-10
          -0
          -0
 3.50579e-15
-2.15886e-15
-4.78349e-15
 2.62573e-15
-1.37511e-11
          -0
          -0
-6.50057e-10
          -0
          -0
-4.28853e-11
          -0
          -0
          -0
          -0
          -0
          -0
-1.34808e-10
-2.18035e-08
  2.3204e-08
 -2.2676e-08
          -0
          -0
vp -1.63513e-07
-1.59829e-06
 1.41107e-07
-1.25421e-09
-4.22162e-10
-5.83121e-09
-2.70551e-10
-3.25665e-10
 3.03815e-11
-7.98818e-10
-1.23243e-07
 4.39616e-09
 -1.6126e-10
 -5.8725e-11
-5.90833e-10
-2.63273e-11
-1.58317e-11
 4.33149e-11
-3.45969e-11
 -5.4101e-11
-7.29357e-11
   -3.75e-09
 9.68514e-09
-1.55646e-08
 1.22576e-09
 3.76814e-10
 -1.2937e-09
-1.51763e-12
-3.11545e-13
-1.74668e-11
-3.41917e-11
-3.67187e-13
 6.23452e-10
 4.66082e-11
 1.48951e-11
-1.54489e-09
backtrackingCount 0
pk      1.99513
  -0.0526834
  0.00503964
     1.99996
-2.35317e-05
-0.000113553
           2
    0.499994
 6.08917e-06
          25
    0.995918
 0.000126965
          25
    0.999998
-9.85865e-06
          25
          15
 2.45882e-06
           6
           3
 9.84362e-06
      5.9999
     3.00033
-0.000574608
     6.00003
     1.00001
    0.350011
         250
         500
         2.5
         250
         500
     2.50001
         120
        16.7
-2.58101e-05
backtrackingCount 1
pk      1.99771
   -0.027523
  0.00281833
     1.99998
 -1.6886e-05
-2.17579e-05
           2
    0.499999
  5.6109e-06
          25
    0.997858
 5.77602e-05
          25
    0.999999
-5.57708e-07
          25
          15
 1.77695e-06
           6
           3
 1.09918e-05
     5.99996
     3.00017
-0.000329588
     6.00001
           1
    0.350031
         250
         500
         2.5
         250
         500
         2.5
         120
        16.7
-1.49024e-06
backtracking time: 107552 us
backtracking count: 2
count 13
(curr.pk-pk_prev).cwiseAbs().sum() 0.00012808
(curr.pk-p0).cwiseAbs().sum() 0.0355365
tp: 33004
Elapsed Time d2w: 942465896 us
Elapsed Time dG: 7659 us
vz -1.77683e-08
-1.64977e-09
 6.24238e-09
 -5.8565e-09
-5.74091e-08
 1.26958e-08
-9.19025e-08
-4.63139e-10
-2.73463e-08
-1.71891e-10
 1.24215e-10
 1.41919e-09
-2.59218e-10
          -0
          -0
-1.41648e-14
          -0
          -0
-2.72109e-09
          -0
          -0
 3.11684e-10
          -0
 3.35929e-11
          -0
-4.00653e-09
          -0
          -0
-1.42619e-10
          -0
          -0
-1.11843e-08
          -0
          -0
-4.41633e-10
          -0
          -0
 2.44687e-15
-1.49095e-15
-3.04849e-15
 1.68421e-15
-6.84692e-11
          -0
          -0
-1.01191e-09
          -0
          -0
 -5.9646e-11
          -0
          -0
          -0
          -0
          -0
          -0
-1.13639e-10
-1.88535e-08
 1.91904e-08
 4.86382e-08
          -0
          -0
vp -2.68126e-07
-2.65291e-06
 2.60358e-07
-5.92991e-10
 5.71431e-10
-4.33463e-09
-2.45788e-10
 -3.4771e-10
 7.45869e-10
 8.90448e-11
-2.06704e-07
 6.53186e-09
-1.46369e-10
-5.51408e-12
-2.36961e-10
 2.78558e-12
-1.92073e-11
 7.98411e-11
 2.57786e-10
-3.39367e-11
-1.85194e-09
-4.44725e-09
 1.68591e-08
-3.28236e-08
  6.6919e-10
 1.06871e-09
-4.44784e-09
-1.59846e-12
-1.75937e-13
-6.24126e-12
-3.16259e-11
-3.51317e-13
 5.39127e-10
-1.26445e-11
 3.38154e-11
-1.30808e-09
backtrackingCount 0
pk      1.99575
  -0.0468609
  0.00471616
     1.99998
-1.27207e-05
-5.33545e-05
           2
    0.499996
 1.10478e-05
          25
    0.996351
 0.000105373
          25
    0.999999
  -2.285e-06
          25
          15
 2.35894e-06
           6
           3
-2.50763e-06
     5.99993
      3.0003
 -0.00056885
     6.00001
     1.00001
    0.349999
         250
         500
         2.5
         250
         500
     2.50001
         120
        16.7
-1.10253e-05
backtrackingCount 1
pk       1.9977
  -0.0275985
  0.00282574
     1.99998
-1.68697e-05
-2.18813e-05
           2
    0.499999
 5.63214e-06
          25
    0.997852
 5.79462e-05
          25
    0.999999
-5.64455e-07
          25
          15
 1.77923e-06
           6
           3
  1.0939e-05
     5.99996
     3.00017
-0.000330522
     6.00001
           1
    0.350031
         250
         500
         2.5
         250
         500
         2.5
         120
        16.7
-1.52748e-06
backtracking time: 637703 us
backtracking count: 2
count 14
(curr.pk-pk_prev).cwiseAbs().sum() 9.87033e-05
(curr.pk-p0).cwiseAbs().sum() 0.0356348
tp: 28710
Elapsed Time d2w: 817988564 us
Elapsed Time dG: 7671 us
vz -1.15021e-08
 5.79826e-10
 1.47631e-09
 -1.5841e-09
-3.57218e-08
-1.04469e-08
-6.12183e-08
 6.49047e-10
-1.94486e-08
-1.56226e-10
 1.07394e-10
-7.25727e-10
-1.65637e-10
          -0
          -0
  4.9508e-15
          -0
          -0
-1.10682e-09
          -0
          -0
 1.96919e-10
          -0
-1.15218e-11
          -0
-1.73092e-09
          -0
          -0
-2.86527e-11
          -0
          -0
-7.63485e-09
          -0
          -0
-3.13154e-10
          -0
          -0
 3.56182e-15
-2.19357e-15
-4.85094e-15
 2.66601e-15
-1.35833e-11
          -0
          -0
-6.50737e-10
          -0
          -0
-4.29583e-11
          -0
          -0
          -0
          -0
          -0
          -0
-1.38282e-10
-2.21635e-08
 2.35492e-08
-2.42258e-08
          -0
          -0
vp -1.63893e-07
-1.60061e-06
 1.41288e-07
-1.27063e-09
-4.34389e-10
 -5.8469e-09
-2.73255e-10
-3.27894e-10
 1.57494e-11
-8.01066e-10
-1.23419e-07
 4.40227e-09
-1.62855e-10
-5.98286e-11
-5.95592e-10
-2.71282e-11
-1.59368e-11
 3.52785e-11
-3.86929e-11
-5.47193e-11
-6.17252e-11
-3.75101e-09
 9.71819e-09
-1.56631e-08
 1.24622e-09
 3.76163e-10
-1.30863e-09
   -1.57e-12
-3.14826e-13
-2.11634e-11
-3.42754e-11
-3.70155e-13
 6.18134e-10
 4.73967e-11
 1.49944e-11
-1.62881e-09
backtrackingCount 0
pk      1.99511
  -0.0528374
  0.00505362
     1.99996
-2.37193e-05
-0.000114077
           2
    0.499994
 5.88048e-06
          25
    0.995906
 0.000127363
          25
    0.999998
-9.95594e-06
          25
          15
 2.33551e-06
           6
           3
 9.96574e-06
      5.9999
     3.00033
-0.000577503
     6.00003
     1.00001
     0.35001
         250
         500
         2.5
         250
         500
     2.50001
         120
        16.7
 -2.7211e-05
backtrackingCount 1
pk      1.99769
  -0.0276971
  0.00283444
     1.99998
-1.68965e-05
-2.22415e-05
           2
    0.499999
 5.63311e-06
          25
    0.997845
 5.82174e-05
          25
    0.999999
-6.01141e-07
          25
          15
  1.7814e-06
           6
           3
 1.09352e-05
     5.99996
     3.00018
-0.000331487
     6.00001
           1
    0.350031
         250
         500
         2.5
         250
         500
         2.5
         120
        16.7
-1.62781e-06
backtracking time: 113276 us
backtracking count: 2
count 15
(curr.pk-pk_prev).cwiseAbs().sum() 0.000127998
(curr.pk-p0).cwiseAbs().sum() 0.0357625
tp: 28702
Elapsed Time d2w: 810571051 us
Elapsed Time dG: 8056 us
vz -1.13219e-08
 7.74945e-10
 9.97937e-10
-1.42565e-09
-3.48724e-08
-1.20599e-08
-5.95711e-08
 7.42446e-10
-1.91114e-08
-1.63108e-10
 1.12865e-10
-8.91839e-10
-1.63239e-10
          -0
          -0
 6.63155e-15
          -0
          -0
 -9.7204e-10
          -0
          -0
 1.93717e-10
          -0
-1.54702e-11
          -0
 -1.5664e-09
          -0
          -0
-2.06521e-11
          -0
          -0
-7.38949e-09
          -0
          -0
-3.07747e-10
          -0
          -0
  3.7513e-15
-2.32957e-15
-5.04089e-15
  2.7667e-15
-9.87479e-12
          -0
          -0
-6.42254e-10
          -0
          -0
-4.22664e-11
          -0
          -0
          -0
          -0
          -0
          -0
-1.44272e-10
 -2.3348e-08
 2.45028e-08
-2.98409e-08
          -0
          -0
vp -1.64586e-07
-1.58216e-06
 1.39681e-07
 -1.3501e-09
-5.36023e-10
-5.84108e-09
-2.78055e-10
-3.33454e-10
-4.47425e-11
-9.77456e-10
-1.22339e-07
 4.45134e-09
-1.64732e-10
-6.65081e-11
-6.24762e-10
-2.99978e-11
-1.58914e-11
 1.28419e-11
 -5.2664e-11
-5.50975e-11
-8.96331e-12
 -3.7572e-09
 9.69629e-09
 -1.5701e-08
 1.30054e-09
 3.39721e-10
-1.16452e-09
-1.64231e-12
-3.42419e-13
-2.27873e-11
-3.50633e-11
 -3.8594e-13
 6.28712e-10
 5.14503e-11
  1.4071e-11
-1.77355e-09
backtrackingCount 0
pk       1.9951
  -0.0525348
  0.00502725
     1.99996
-2.53113e-05
-0.000113938
           2
    0.499994
 4.93071e-06
          25
    0.995924
 0.000128097
          25
    0.999998
 -1.0409e-05
          25
          15
   1.983e-06
           6
           3
 1.07945e-05
      5.9999
     3.00033
-0.000577972
     6.00003
     1.00001
    0.350013
         250
         500
         2.5
         250
         500
     2.50001
         120
        16.7
-2.94701e-05
backtrackingCount 1
pk      1.99768
  -0.0277941
  0.00284301
     1.99998
-1.69294e-05
-2.25996e-05
           2
    0.499999
 5.63037e-06
          25
    0.997837
 5.84903e-05
          25
    0.999999
-6.39453e-07
          25
          15
 1.78219e-06
           6
           3
 1.09347e-05
     5.99996
     3.00018
 -0.00033245
     6.00001
           1
    0.350031
         250
         500
         2.5
         250
         500
         2.5
         120
        16.7
-1.73657e-06
backtracking time: 113584 us
backtracking count: 2
count 16
(curr.pk-pk_prev).cwiseAbs().sum() 0.000126208
(curr.pk-p0).cwiseAbs().sum() 0.0358884
tp: 32980
Elapsed Time d2w: 926751826 us
Elapsed Time dG: 7353 us
vz -1.79897e-08
 -1.6651e-09
 6.49345e-09
-6.09305e-09
-5.78602e-08
 1.30738e-08
-9.30448e-08
-4.60443e-10
-2.75896e-08
-1.78965e-10
 1.30908e-10
 1.42093e-09
-2.65191e-10
          -0
          -0
-1.43364e-14
          -0
          -0
-2.79764e-09
          -0
          -0
 3.15786e-10
          -0
 3.39151e-11
          -0
-4.10459e-09
          -0
          -0
-1.47428e-10
          -0
          -0
-1.13225e-08
          -0
          -0
-4.47877e-10
          -0
          -0
 2.47334e-15
-1.51151e-15
  -3.058e-15
 1.69973e-15
-7.08418e-11
          -0
          -0
 -1.0254e-09
          -0
          -0
-6.04593e-11
          -0
          -0
          -0
          -0
          -0
          -0
-1.18246e-10
-1.93985e-08
 1.97013e-08
 4.87349e-08
          -0
          -0
vp -2.72298e-07
-2.68929e-06
 2.64259e-07
-6.03417e-10
 5.76788e-10
-4.44797e-09
-2.52213e-10
 -3.5557e-10
 7.47801e-10
 9.48902e-11
-2.09573e-07
 6.62234e-09
 -1.4855e-10
-5.62761e-12
-2.49329e-10
 2.19488e-12
-1.97004e-11
 5.50162e-11
 2.72219e-10
 -3.3613e-11
-1.97547e-09
-4.50297e-09
 1.71434e-08
-3.35056e-08
 6.63985e-10
 1.09913e-09
-4.59942e-09
-1.73895e-12
 -1.8651e-13
-8.58258e-12
-3.21218e-11
-3.67024e-13
 5.35322e-10
-1.45584e-11
 3.47157e-11
-1.45793e-09
backtrackingCount 0
pk      1.99568
   -0.047539
  0.00478322
     1.99998
-1.26945e-05
-5.52569e-05
           2
    0.499996
 1.11208e-05
          25
    0.996298
 0.000107112
          25
    0.999999
-2.47005e-06
          25
          15
 2.18612e-06
           6
           3
-3.56931e-06
     5.99993
      3.0003
 -0.00057845
     6.00001
     1.00001
    0.349997
         250
         500
         2.5
         250
         500
     2.50001
         120
        16.7
-1.24408e-05
backtrackingCount 1
pk      1.99767
  -0.0278712
  0.00285059
     1.99998
-1.69128e-05
-2.27272e-05
           2
    0.499999
 5.65181e-06
          25
    0.997831
 5.86803e-05
          25
    0.999999
-6.46604e-07
          25
          15
 1.78377e-06
           6
           3
  1.0878e-05
     5.99996
     3.00018
-0.000333411
     6.00001
           1
    0.350031
         250
         500
         2.5
         250
         500
         2.5
         120
        16.7
-1.77838e-06
backtracking time: 632853 us
backtracking count: 2
count 17
(curr.pk-pk_prev).cwiseAbs().sum() 0.000100824
(curr.pk-p0).cwiseAbs().sum() 0.0359888
tp: 28694
Elapsed Time d2w: 813645803 us
Elapsed Time dG: 7868 us
vz -1.07886e-08
 6.99427e-10
 1.35112e-09
-1.38439e-09
-3.30306e-08
-1.07377e-08
-5.74787e-08
 6.94031e-10
-1.82593e-08
-1.53042e-10
 1.07024e-10
-7.82755e-10
-1.56822e-10
          -0
          -0
 5.98413e-15
          -0
          -0
-1.02792e-09
          -0
          -0
 1.84557e-10
          -0
-1.39361e-11
          -0
-1.60335e-09
          -0
          -0
-2.25221e-11
          -0
          -0
-7.17843e-09
          -0
          -0
-2.97449e-10
          -0
          -0
 3.53836e-15
-2.19823e-15
-4.72477e-15
   2.596e-15
-1.07045e-11
          -0
          -0
-6.12142e-10
          -0
          -0
-4.08007e-11
          -0
          -0
          -0
          -0
          -0
          -0
 -1.3596e-10
-2.19819e-08
 2.30687e-08
 -2.6142e-08
          -0
          -0
vp -1.54439e-07
-1.50067e-06
 1.31967e-07
-1.25295e-09
 -4.8144e-10
-5.72795e-09
-2.70074e-10
-3.19732e-10
-4.72686e-11
 -8.1741e-10
-1.15702e-07
 4.17789e-09
-1.55809e-10
 -6.0834e-11
-6.07627e-10
-2.91699e-11
-1.55288e-11
 5.86436e-12
 -4.5839e-11
-5.27154e-11
-4.63506e-11
-3.56393e-09
 9.14189e-09
-1.47462e-08
 1.22383e-09
 3.33737e-10
-1.17446e-09
-1.62958e-12
-3.30215e-13
-2.40251e-11
-3.31589e-11
-3.70937e-13
 5.93729e-10
 4.75899e-11
 1.35003e-11
-1.72352e-09
backtrackingCount 0
pk      1.99509
  -0.0529839
  0.00505897
     1.99996
-2.49694e-05
-0.000118581
           2
    0.499993
  4.8608e-06
          25
    0.995895
 0.000128595
          25
    0.999998
-1.08149e-05
          25
          15
  1.8819e-06
           6
           3
 1.01024e-05
      5.9999
     3.00033
-0.000580178
     6.00003
     1.00001
    0.350011
         250
         500
         2.5
         250
         500
     2.50001
         120
        16.7
-3.06203e-05
backtrackingCount 1
pk      1.99766
  -0.0279693
  0.00285922
     1.99998
-1.69443e-05
-2.31016e-05
           2
    0.499999
 5.64872e-06
          25
    0.997823
 5.89534e-05
          25
    0.999999
-6.86323e-07
          25
          15
 1.78415e-06
           6
           3
  1.0875e-05
     5.99996
     3.00018
-0.000334375
     6.00001
           1
    0.350031
         250
         500
         2.5
         250
         500
         2.5
         120
        16.7
-1.89105e-06
backtracking time: 103605 us
backtracking count: 2
count 18
(curr.pk-pk_prev).cwiseAbs().sum() 0.000127437
(curr.pk-p0).cwiseAbs().sum() 0.0361159
tp: 28686
Elapsed Time d2w: 808657722 us
Elapsed Time dG: 7290 us
vz -1.08224e-08
 7.07999e-10
 1.40041e-09
-1.45959e-09
-3.29441e-08
-1.06322e-08
-5.76575e-08
 6.97186e-10
-1.82965e-08
-1.57423e-10
 1.11879e-10
-7.82155e-10
-1.57899e-10
          -0
          -0
 6.06776e-15
          -0
          -0
-1.04252e-09
          -0
          -0
  1.8518e-10
          -0
-1.41089e-11
          -0
-1.62179e-09
          -0
          -0
-2.38438e-11
          -0
          -0
-7.20201e-09
          -0
          -0
-2.98772e-10
          -0
          -0
 3.57324e-15
-2.22423e-15
-4.75007e-15
  2.6176e-15
-1.13751e-11
          -0
          -0
-6.15221e-10
          -0
          -0
-4.09654e-11
          -0
          -0
          -0
          -0
          -0
          -0
-1.36982e-10
-2.23987e-08
 2.34875e-08
-2.60979e-08
          -0
          -0
vp -1.55009e-07
-1.50569e-06
 1.32476e-07
-1.26141e-09
-4.87227e-10
-5.94981e-09
-2.74078e-10
-3.22403e-10
-7.15468e-11
-8.15603e-10
-1.16092e-07
 4.18983e-09
-1.56527e-10
-6.13569e-11
-6.33227e-10
-3.04601e-11
-1.57571e-11
-1.37009e-11
-4.03476e-11
-5.27542e-11
-1.06057e-10
-3.57188e-09
 9.18161e-09
-1.48724e-08
 1.22212e-09
   3.424e-10
-1.25061e-09
-1.72771e-12
-3.44411e-13
-2.38083e-11
 -3.3323e-11
 -3.8276e-13
 5.92529e-10
 4.66683e-11
 1.37178e-11
-1.81339e-09
backtrackingCount 0
pk      1.99507
  -0.0531555
  0.00507518
     1.99996
-2.50943e-05
-0.000122626
           2
    0.499993
 4.45194e-06
          25
    0.995882
 0.000129038
          25
    0.999998
-1.12785e-05
          25
          15
 1.55497e-06
           6
           3
 9.10096e-06
      5.9999
     3.00033
 -0.00058315
     6.00003
     1.00001
     0.35001
         250
         500
         2.5
         250
         500
     2.50001
         120
        16.7
-3.22241e-05
backtrackingCount 1
pk      1.99765
  -0.0280677
  0.00286787
     1.99998
-1.69761e-05
-2.34904e-05
           2
    0.499999
 5.64405e-06
          25
    0.997816
 5.92271e-05
          25
    0.999999
-7.27699e-07
          25
          15
 1.78325e-06
           6
           3
 1.08681e-05
     5.99996
     3.00018
-0.000335347
     6.00001
           1
    0.350031
         250
         500
         2.5
         250
         500
         2.5
         120
        16.7
-2.00954e-06
backtracking time: 104947 us
backtracking count: 2
count 19
(curr.pk-pk_prev).cwiseAbs().sum() 0.000127854
(curr.pk-p0).cwiseAbs().sum() 0.0362434
tp: 32954
Elapsed Time d2w: 931590147 us
Elapsed Time dG: 7853 us
vz -1.92398e-08
-1.55607e-09
  6.3948e-09
-6.43994e-09
 -6.1555e-08
  1.1743e-08
-9.78516e-08
-3.85613e-10
-2.91569e-08
-2.02684e-10
 1.46592e-10
 1.31037e-09
-2.85957e-10
          -0
          -0
-1.34496e-14
          -0
          -0
 -2.8467e-09
          -0
          -0
 3.38129e-10
          -0
 3.17405e-11
          -0
-4.22931e-09
          -0
          -0
-1.52075e-10
          -0
          -0
 -1.1794e-08
          -0
          -0
-4.72343e-10
          -0
          -0
 2.86179e-15
-1.75218e-15
-3.44499e-15
 1.93193e-15
-7.31997e-11
          -0
          -0
-1.09869e-09
          -0
          -0
-6.37759e-11
          -0
          -0
          -0
          -0
          -0
          -0
-1.36598e-10
-2.22104e-08
 2.21792e-08
 4.50676e-08
          -0
          -0
vp -2.98149e-07
-2.90014e-06
 2.86501e-07
-7.46096e-10
 5.07043e-10
-4.92323e-09
-2.73927e-10
-3.87322e-10
 7.54491e-10
-1.32644e-10
-2.26782e-07
 7.27329e-09
-1.62581e-10
-1.32811e-11
-3.11848e-10
 9.66908e-14
-2.10672e-11
 1.73347e-11
 2.81178e-10
-3.54903e-11
-2.10657e-09
-4.82763e-09
 1.86927e-08
-3.69277e-08
 7.62239e-10
 1.14909e-09
-4.86129e-09
-2.01003e-12
-2.24993e-13
-1.51097e-11
-3.49218e-11
-4.11796e-13
 5.70429e-10
-1.26172e-11
 3.66262e-11
-1.80106e-09
backtrackingCount 0
pk      1.99542
  -0.0497996
  0.00501473
     1.99997
-1.31767e-05
-6.03821e-05
           2
    0.499996
 1.12977e-05
          25
    0.996117
 0.000113729
          25
    0.999999
 -3.0645e-06
          25
          15
 1.91315e-06
           6
           3
-4.91724e-06
     5.99992
     3.00032
-0.000612061
     6.00001
     1.00001
    0.349994
         250
         500
         2.5
         250
         500
     2.50001
         120
        16.7
-1.55056e-05
backtrackingCount 1
pk      1.99764
  -0.0281526
  0.00287626
     1.99998
-1.69613e-05
-2.36345e-05
           2
    0.499999
 5.66613e-06
          25
    0.997809
   5.944e-05
          25
    0.999999
-7.36827e-07
          25
          15
 1.78376e-06
           6
           3
 1.08064e-05
     5.99996
     3.00018
-0.000336428
     6.00001
           1
     0.35003
         250
         500
         2.5
         250
         500
         2.5
         120
        16.7
-2.06225e-06
backtracking time: 619903 us
backtracking count: 2
count 20
(curr.pk-pk_prev).cwiseAbs().sum() 0.000111207
(curr.pk-p0).cwiseAbs().sum() 0.0363541
tp: 28678
Elapsed Time d2w: 819231377 us
Elapsed Time dG: 7431 us
vz -1.13954e-08
 8.40171e-10
 1.03436e-09
-1.49964e-09
-3.45902e-08
-1.24821e-08
-5.99684e-08
 7.79748e-10
-1.92093e-08
-1.72885e-10
 1.22145e-10
-9.64995e-10
-1.67093e-10
          -0
          -0
 7.21592e-15
          -0
          -0
-9.84495e-10
          -0
          -0
 1.95088e-10
          -0
-1.67832e-11
          -0
-1.57875e-09
          -0
          -0
-2.09287e-11
          -0
          -0
-7.44297e-09
          -0
          -0
-3.10881e-10
          -0
          -0
 3.89384e-15
-2.42443e-15
 -5.1849e-15
 2.86155e-15
-1.00786e-11
          -0
          -0
-6.48439e-10
          -0
          -0
-4.26772e-11
          -0
          -0
          -0
          -0
          -0
          -0
  -1.511e-10
-2.44973e-08
 2.56334e-08
-3.22521e-08
          -0
          -0
vp  -1.6628e-07
-1.59398e-06
 1.40709e-07
-1.39016e-09
-5.70302e-10
-6.23259e-09
-2.88204e-10
-3.41749e-10
-1.05685e-10
-9.92877e-10
-1.23259e-07
 4.48925e-09
-1.68011e-10
-6.90852e-11
-6.77293e-10
-3.33113e-11
-1.63938e-11
-3.56181e-11
-5.16103e-11
-5.63435e-11
-7.80851e-11
-3.78257e-09
 9.81632e-09
 -1.6049e-08
 1.32697e-09
 3.44638e-10
 -1.2529e-09
  -1.872e-12
-3.72225e-13
-3.04807e-11
 -3.5604e-11
-4.11533e-13
 6.17073e-10
 5.16416e-11
   1.422e-11
-2.05875e-09
backtrackingCount 0
pk      1.99505
  -0.0530181
  0.00507125
     1.99996
-2.58577e-05
 -0.00012086
           2
    0.499993
  4.0175e-06
          25
    0.995886
  0.00012947
          25
    0.999998
-1.13023e-05
          25
          15
 1.22813e-06
           6
           3
 9.58832e-06
      5.9999
     3.00033
-0.000586784
     6.00003
     1.00001
    0.350011
         250
         500
         2.5
         250
         500
     2.50001
         120
        16.7
-3.41778e-05
backtrackingCount 1
pk      1.99763
  -0.0282497
  0.00288483
     1.99998
 -1.6996e-05
-2.40143e-05
           2
    0.499999
 5.65969e-06
          25
    0.997802
 5.97136e-05
          25
    0.999999
-7.78098e-07
          25
          15
 1.78159e-06
           6
           3
 1.08017e-05
     5.99996
     3.00018
-0.000337405
     6.00001
           1
     0.35003
         250
         500
         2.5
         250
         500
         2.5
         120
        16.7
-2.18771e-06
backtracking time: 113352 us
backtracking count: 2
count 21
(curr.pk-pk_prev).cwiseAbs().sum() 0.000126455
(curr.pk-p0).cwiseAbs().sum() 0.0364802
tp: 32941
Elapsed Time d2w: 937898074 us
Elapsed Time dG: 7174 us
vz  -1.8436e-08
-1.60075e-09
 6.84661e-09
-6.43754e-09
-5.87822e-08
 1.28501e-08
-9.53882e-08
-4.06994e-10
-2.81679e-08
-1.91968e-10
 1.40171e-10
 1.38371e-09
-2.76428e-10
          -0
          -0
-1.38498e-14
          -0
          -0
-2.91336e-09
          -0
          -0
 3.23869e-10
          -0
 3.26479e-11
          -0
-4.25473e-09
          -0
          -0
-1.53245e-10
          -0
          -0
-1.16112e-08
          -0
          -0
 -4.6149e-10
          -0
          -0
 2.60982e-15
-1.59754e-15
-3.10153e-15
 1.74413e-15
-7.37214e-11
          -0
          -0
-1.05213e-09
          -0
          -0
-6.22548e-11
          -0
          -0
          -0
          -0
          -0
          -0
 -1.2907e-10
-2.06673e-08
 2.05812e-08
 4.75434e-08
          -0
          -0
vp -2.80468e-07
-2.75864e-06
 2.70977e-07
-6.53526e-10
 5.47802e-10
-4.67317e-09
-2.67281e-10
 -3.7268e-10
 7.40781e-10
 5.40072e-11
-2.15012e-07
 6.81971e-09
-1.53472e-10
-8.19112e-12
-2.84099e-10
 3.95132e-13
 -2.0681e-11
 6.15016e-12
 2.88314e-10
-3.31995e-11
-2.13905e-09
-4.61051e-09
  1.7657e-08
-3.46733e-08
 6.87774e-10
 1.14178e-09
-4.82028e-09
-1.97573e-12
-2.09833e-13
-1.63377e-11
-3.30677e-11
-3.93019e-13
 5.37929e-10
 -1.5821e-11
 3.60391e-11
-1.73321e-09
backtrackingCount 0
pk      1.99552
  -0.0490058
  0.00492367
     1.99997
-1.28744e-05
-5.91754e-05
           2
    0.499996
 1.12333e-05
          25
    0.996184
 0.000111025
          25
    0.999999
-2.91566e-06
          25
          15
 1.82787e-06
           6
           3
-5.29264e-06
     5.99992
     3.00031
-0.000598289
     6.00001
     1.00001
    0.349994
         250
         500
         2.5
         250
         500
     2.50001
         120
        16.7
-1.52285e-05
backtrackingCount 1
pk      1.99762
  -0.0283308
   0.0028928
     1.99998
-1.69799e-05
-2.41517e-05
           2
    0.499999
 5.68146e-06
          25
    0.997795
  5.9914e-05
          25
    0.999999
-7.86448e-07
          25
          15
 1.78177e-06
           6
           3
 1.07388e-05
     5.99996
     3.00018
-0.000338425
     6.00001
           1
     0.35003
         250
         500
         2.5
         250
         500
         2.5
         120
        16.7
-2.23865e-06
backtracking time: 642198 us
backtracking count: 2
count 22
(curr.pk-pk_prev).cwiseAbs().sum() 0.000106045
(curr.pk-p0).cwiseAbs().sum() 0.0365858
tp: 32940
Elapsed Time d2w: 937804461 us
Elapsed Time dG: 7706 us
vz -1.84959e-08
-1.64976e-09
 6.99669e-09
-6.32402e-09
-5.90188e-08
 1.31641e-08
-9.57162e-08
-4.30261e-10
-2.81787e-08
-1.87033e-10
 1.37892e-10
 1.38666e-09
-2.78174e-10
          -0
          -0
  -1.425e-14
          -0
          -0
-2.95333e-09
          -0
          -0
 3.24979e-10
          -0
  3.3624e-11
          -0
-4.30055e-09
          -0
          -0
-1.51265e-10
          -0
          -0
-1.16507e-08
          -0
          -0
-4.62473e-10
          -0
          -0
 2.54111e-15
-1.55684e-15
-3.11573e-15
 1.73999e-15
-7.27921e-11
          -0
          -0
-1.05486e-09
          -0
          -0
-6.24142e-11
          -0
          -0
          -0
          -0
          -0
          -0
-1.29053e-10
-2.01512e-08
 2.04125e-08
 4.76323e-08
          -0
          -0
vp -2.81734e-07
-2.77023e-06
 2.72257e-07
-6.44299e-10
 5.63149e-10
-4.59349e-09
-2.67572e-10
-3.73794e-10
 7.49597e-10
 6.24279e-11
-2.15924e-07
 6.84733e-09
-1.54232e-10
-7.49643e-12
-2.70689e-10
 6.97575e-13
-2.07839e-11
 1.71317e-11
  2.8335e-10
-3.47834e-11
-2.08697e-09
-4.61707e-09
 1.77516e-08
-3.49064e-08
 6.95161e-10
 1.12997e-09
-4.71436e-09
-1.91639e-12
-2.02812e-13
-1.77964e-11
-3.30729e-11
-3.87259e-13
 5.38127e-10
-1.43963e-11
 3.56038e-11
-1.70557e-09
backtrackingCount 0
pk      1.99549
  -0.0492649
  0.00495018
     1.99997
-1.27243e-05
-5.88636e-05
           2
    0.499996
  1.1346e-05
          25
    0.996164
 0.000111658
          25
    0.999999
-2.83199e-06
          25
          15
 1.91123e-06
           6
           3
-5.03201e-06
     5.99992
     3.00031
-0.000602204
     6.00001
     1.00001
    0.349995
         250
         500
         2.5
         250
         500
     2.50001
         120
        16.7
-1.51273e-05
backtrackingCount 1
pk      1.99761
  -0.0284126
  0.00290083
     1.99998
-1.69633e-05
-2.42872e-05
           2
    0.499999
 5.70359e-06
          25
    0.997789
 6.01161e-05
          25
    0.999999
-7.94439e-07
          25
          15
 1.78228e-06
           6
           3
 1.06772e-05
     5.99996
     3.00018
-0.000339455
     6.00001
           1
     0.35003
         250
         500
         2.5
         250
         500
         2.5
         120
        16.7
-2.28899e-06
backtracking time: 605118 us
backtracking count: 2
count 23
(curr.pk-pk_prev).cwiseAbs().sum() 0.000106955
(curr.pk-p0).cwiseAbs().sum() 0.0366923
tp: 32939
Elapsed Time d2w: 937565107 us
Elapsed Time dG: 7218 us
vz -1.84432e-08
-1.63561e-09
 6.92689e-09
-6.18023e-09
 -5.8855e-08
 1.26767e-08
-9.54845e-08
-4.27991e-10
-2.81172e-08
-1.84352e-10
 1.35039e-10
 1.34581e-09
-2.78201e-10
          -0
          -0
-1.41099e-14
          -0
          -0
-2.93111e-09
          -0
          -0
 3.24049e-10
          -0
 3.33267e-11
          -0
-4.26741e-09
          -0
          -0
 -1.4768e-10
          -0
          -0
 -1.1625e-08
          -0
          -0
-4.60544e-10
          -0
          -0
 2.56015e-15
-1.56538e-15
-3.14275e-15
 1.75023e-15
-7.10802e-11
          -0
          -0
-1.05108e-09
          -0
          -0
-6.21899e-11
          -0
          -0
          -0
          -0
          -0
          -0
-1.31191e-10
-2.00443e-08
 2.03047e-08
 4.62442e-08
          -0
          -0
vp  -2.8106e-07
-2.76184e-06
 2.71051e-07
-6.53265e-10
 5.54379e-10
-4.57385e-09
-2.66786e-10
-3.73554e-10
 7.50198e-10
 4.09629e-11
-2.15249e-07
 6.83726e-09
-1.54975e-10
-8.16079e-12
-2.69709e-10
 7.70176e-13
-2.06745e-11
 2.42572e-11
 2.69618e-10
-3.57762e-11
-1.99209e-09
-4.61386e-09
 1.77017e-08
-3.47476e-08
 7.17447e-10
 1.10935e-09
-4.60643e-09
-1.87668e-12
-1.96906e-13
 -2.1403e-11
-3.30951e-11
-3.81065e-13
 5.33255e-10
-1.22173e-11
 3.50346e-11
-1.70035e-09
backtrackingCount 0
pk      1.99545
   -0.049725
  0.00499247
     1.99997
-1.26853e-05
-5.95825e-05
           2
    0.499996
 1.14927e-05
          25
    0.996128
 0.000112878
          25
    0.999999
-2.87572e-06
          25
          15
 1.96946e-06
           6
           3
 -4.6953e-06
     5.99992
     3.00032
-0.000607594
     6.00001
     1.00001
    0.349995
         250
         500
         2.5
         250
         500
     2.50001
         120
        16.7
-1.54102e-05
backtrackingCount 1
pk      1.99761
  -0.0284959
    0.002909
     1.99998
-1.69466e-05
-2.44251e-05
           2
    0.499999
 5.72621e-06
          25
    0.997783
 6.03222e-05
          25
    0.999999
-8.02569e-07
          25
          15
 1.78301e-06
           6
           3
 1.06171e-05
     5.99996
     3.00018
-0.000340502
     6.00001
           1
     0.35003
         250
         500
         2.5
         250
         500
         2.5
         120
        16.7
-2.34025e-06
backtracking time: 579649 us
backtracking count: 2
count 24
(curr.pk-pk_prev).cwiseAbs().sum() 0.000108874
(curr.pk-p0).cwiseAbs().sum() 0.0368007
tp: 28671
Elapsed Time d2w: 829239758 us
Elapsed Time dG: 7650 us
vz  -1.1548e-08
  8.9366e-10
 1.21966e-09
-1.35092e-09
-3.49886e-08
-1.31048e-08
-6.07962e-08
 8.19016e-10
-1.93485e-08
-1.69329e-10
 1.16652e-10
-1.01886e-09
 -1.7149e-10
          -0
          -0
  7.6705e-15
          -0
          -0
-1.03773e-09
          -0
          -0
 1.97809e-10
          -0
-1.78567e-11
          -0
-1.63933e-09
          -0
          -0
-1.69153e-11
          -0
          -0
-7.54569e-09
          -0
          -0
-3.15986e-10
          -0
          -0
 3.95005e-15
-2.45356e-15
-5.27169e-15
 2.90232e-15
-8.19526e-12
          -0
          -0
-6.56138e-10
          -0
          -0
-4.34088e-11
          -0
          -0
          -0
          -0
          -0
          -0
-1.55533e-10
-2.44567e-08
 2.55765e-08
-3.40609e-08
          -0
          -0
vp -1.69013e-07
-1.61878e-06
 1.43022e-07
-1.41332e-09
-5.93915e-10
-6.05661e-09
-2.94292e-10
-3.50403e-10
-9.83475e-11
 -9.9232e-10
-1.25175e-07
 4.56278e-09
 -1.7016e-10
 -7.0393e-11
-6.66513e-10
-3.36514e-11
-1.68221e-11
-2.77516e-11
 -6.4248e-11
-5.81037e-11
  4.7539e-12
-3.82018e-09
 1.00151e-08
-1.64595e-08
 1.35666e-09
 3.28378e-10
-1.06339e-09
-1.83806e-12
-3.68962e-13
-4.36025e-11
-3.58706e-11
-4.09503e-13
 6.09342e-10
 5.50023e-11
 1.36382e-11
-2.12511e-09
backtrackingCount 0
pk      1.99498
  -0.0536636
  0.00513262
     1.99996
-2.61804e-05
-0.000118589
           2
    0.499993
 4.19716e-06
          25
    0.995836
 0.000131262
          25
    0.999998
-1.11651e-05
          25
          15
 1.35154e-06
           6
           3
  1.0691e-05
      5.9999
     3.00034
-0.000596405
     6.00003
     1.00001
    0.350013
         250
         500
         2.5
         250
         500
     2.50001
         120
        16.7
-3.53802e-05
backtrackingCount 1
pk       1.9976
  -0.0285942
  0.00291769
     1.99998
-1.69827e-05
 -2.4793e-05
           2
    0.499999
 5.72023e-06
          25
    0.997775
 6.05993e-05
          25
    0.999999
-8.43047e-07
          25
          15
 1.78132e-06
           6
           3
 1.06174e-05
     5.99996
     3.00018
-0.000341502
     6.00001
           1
     0.35003
         250
         500
         2.5
         250
         500
         2.5
         120
        16.7
-2.46931e-06
backtracking time: 103243 us
backtracking count: 2
count 25
(curr.pk-pk_prev).cwiseAbs().sum() 0.000127986
(curr.pk-p0).cwiseAbs().sum() 0.0369284
tp: 28662
Elapsed Time d2w: 813349210 us
Elapsed Time dG: 7670 us
vz -1.21012e-08
 7.54507e-10
 1.69876e-09
 -1.7943e-09
-3.65486e-08
-1.15944e-08
-6.45709e-08
 7.64452e-10
-2.04054e-08
-1.79326e-10
 1.26734e-10
-9.00231e-10
-1.80857e-10
          -0
          -0
  6.4881e-15
          -0
          -0
-1.19818e-09
          -0
          -0
 2.07468e-10
          -0
-1.50359e-11
          -0
-1.84649e-09
          -0
          -0
-2.82606e-11
          -0
          -0
-8.06951e-09
          -0
          -0
-3.33902e-10
          -0
          -0
 3.99578e-15
-2.48494e-15
-5.28312e-15
 2.91917e-15
-1.36085e-11
          -0
          -0
-6.88346e-10
          -0
          -0
-4.57754e-11
          -0
          -0
          -0
          -0
          -0
          -0
-1.59173e-10
-2.52339e-08
 2.63207e-08
-2.99929e-08
          -0
          -0
vp -1.75188e-07
-1.68647e-06
 1.48315e-07
-1.39824e-09
-5.32383e-10
-6.38306e-09
-3.06106e-10
-3.60866e-10
-9.17683e-11
-9.95553e-10
-1.30112e-07
 4.70689e-09
-1.74104e-10
-6.80116e-11
-6.86419e-10
-3.44962e-11
-1.77009e-11
 -5.1326e-11
-4.07925e-11
-5.85211e-11
-1.76566e-10
-3.93757e-09
 1.03509e-08
 -1.6995e-08
 1.35459e-09
 3.97329e-10
-1.45039e-09
-2.02222e-12
-3.81452e-13
-4.22603e-11
-3.65281e-11
-4.28139e-13
 6.15059e-10
 5.08823e-11
 1.57252e-11
-2.25492e-09
backtrackingCount 0
pk      1.99493
  -0.0542295
  0.00517216
     1.99996
-2.50752e-05
-0.000121819
           2
    0.499993
  4.3253e-06
          25
    0.995797
 0.000132147
          25
    0.999998
 -1.1277e-05
          25
          15
 1.00114e-06
           6
           3
 7.93352e-06
      5.9999
     3.00034
-0.000599836
     6.00003
     1.00001
    0.350008
         250
         500
         2.5
         250
         500
     2.50001
         120
        16.7
-3.67455e-05
backtrackingCount 1
pk      1.99758
  -0.0286943
   0.0029265
     1.99998
-1.70143e-05
 -2.5172e-05
           2
    0.499999
 5.71478e-06
          25
    0.997767
 6.08788e-05
          25
    0.999999
-8.83805e-07
          25
          15
 1.77828e-06
           6
           3
 1.06069e-05
     5.99996
     3.00018
-0.000342511
     6.00001
           1
     0.35003
         250
         500
         2.5
         250
         500
         2.5
         120
        16.7
 -2.6032e-06
backtracking time: 106841 us
backtracking count: 2
count 26
(curr.pk-pk_prev).cwiseAbs().sum() 0.000130254
(curr.pk-p0).cwiseAbs().sum() 0.0370583
tp: 28653
Elapsed Time d2w: 812896573 us
Elapsed Time dG: 7782 us
vz -1.14814e-08
 9.34482e-10
 1.09114e-09
-1.48751e-09
-3.43345e-08
-1.32456e-08
-6.04569e-08
 8.35772e-10
-1.93135e-08
-1.80836e-10
 1.29103e-10
-1.06748e-09
-1.71687e-10
          -0
          -0
 8.05117e-15
          -0
          -0
-1.00186e-09
          -0
          -0
 1.96657e-10
          -0
-1.86826e-11
          -0
-1.59407e-09
          -0
          -0
-1.91009e-11
          -0
          -0
-7.50949e-09
          -0
          -0
-3.14869e-10
          -0
          -0
  4.0534e-15
-2.52729e-15
 -5.3589e-15
 2.96826e-15
-9.27412e-12
          -0
          -0
-6.54911e-10
          -0
          -0
-4.32199e-11
          -0
          -0
          -0
          -0
          -0
          -0
-1.59249e-10
-2.55853e-08
  2.6704e-08
 -3.5656e-08
          -0
          -0
vp  -1.6838e-07
-1.60762e-06
 1.41741e-07
-1.44088e-09
-6.17263e-10
-6.54486e-09
-2.99908e-10
-3.52148e-10
-1.68456e-10
-1.02707e-09
-1.24315e-07
 4.53908e-09
-1.72017e-10
-7.23212e-11
-7.25592e-10
-3.68616e-11
-1.69763e-11
-8.85032e-11
-5.69137e-11
 -5.8401e-11
-1.04825e-10
-3.81323e-09
 9.95538e-09
-1.64336e-08
 1.36612e-09
  3.3881e-10
-1.24712e-09
-2.08199e-12
-4.02054e-13
-4.24529e-11
-3.62462e-11
-4.36532e-13
 6.06143e-10
 5.34128e-11
 1.40188e-11
-2.36009e-09
backtrackingCount 0
pk      1.99499
  -0.0535155
  0.00511494
     1.99996
-2.65447e-05
-0.000126223
           2
    0.499993
 3.11385e-06
          25
    0.995848
 0.000130961
          25
    0.999998
-1.20868e-05
          25
          15
 4.11806e-07
           6
           3
 8.98847e-06
      5.9999
     3.00034
-0.000596243
     6.00003
     1.00001
    0.350011
         250
         500
         2.5
         250
         500
     2.50001
         120
        16.7
-3.90424e-05
backtrackingCount 1
pk      1.99757
  -0.0287913
  0.00293504
     1.99998
-1.70515e-05
-2.55667e-05
           2
    0.499999
 5.70462e-06
          25
     0.99776
 6.11526e-05
          25
    0.999999
-9.27567e-07
          25
          15
 1.77294e-06
           6
           3
 1.06006e-05
     5.99996
     3.00018
-0.000343502
     6.00001
           1
     0.35003
         250
         500
         2.5
         250
         500
         2.5
         120
        16.7
-2.74554e-06
backtracking time: 103292 us
backtracking count: 2
count 27
(curr.pk-pk_prev).cwiseAbs().sum() 0.000126331
(curr.pk-p0).cwiseAbs().sum() 0.0371842
tp: 28644
Elapsed Time d2w: 814333689 us
Elapsed Time dG: 7925 us
vz -1.10006e-08
 8.43539e-10
 1.26861e-09
-1.61596e-09
-3.26615e-08
-1.15792e-08
-5.86027e-08
 7.77107e-10
-1.86534e-08
-1.76963e-10
 1.27462e-10
-9.44821e-10
-1.65394e-10
          -0
          -0
 7.27067e-15
          -0
          -0
-1.01906e-09
          -0
          -0
 1.88461e-10
          -0
 -1.6829e-11
          -0
-1.59278e-09
          -0
          -0
-2.41763e-11
          -0
          -0
-7.32514e-09
          -0
          -0
-3.06062e-10
          -0
          -0
 3.90457e-15
-2.43336e-15
-5.00489e-15
 2.78864e-15
 -1.1638e-11
          -0
          -0
-6.28543e-10
          -0
          -0
-4.19569e-11
          -0
          -0
          -0
          -0
          -0
          -0
 -1.5244e-10
-2.47912e-08
 2.54842e-08
-3.14946e-08
          -0
          -0
vp -1.58592e-07
-1.53466e-06
 1.35263e-07
-1.34161e-09
-5.60169e-10
-6.30873e-09
-2.92312e-10
 -3.3745e-10
 -1.7682e-10
 -8.1809e-10
 -1.1834e-07
 4.27918e-09
-1.62652e-10
-6.70933e-11
-7.00083e-10
-3.62386e-11
-1.65824e-11
-1.10739e-10
-4.54207e-11
 -5.4615e-11
-1.94576e-10
-3.62558e-09
 9.45914e-09
-1.55897e-08
 1.29766e-09
 3.54173e-10
-1.43263e-09
-2.14815e-12
-3.96781e-13
-4.02391e-11
-3.42106e-11
-4.31362e-13
 5.67958e-10
 4.81797e-11
 1.42933e-11
-2.33908e-09
backtrackingCount 0
pk      1.99499
   -0.053805
  0.00513974
     1.99996
-2.61818e-05
-0.000128394
           2
    0.499993
  2.8226e-06
          25
    0.995831
   0.0001309
          25
    0.999998
-1.23384e-05
          25
          15
-3.20199e-08
           6
           3
 7.42918e-06
      5.9999
     3.00034
-0.000597602
     6.00003
     1.00001
    0.350006
         250
         500
         2.5
         250
         500
     2.50001
         120
        16.7
-4.08708e-05
backtrackingCount 1
pk      1.99756
   -0.028889
  0.00294366
     1.99998
-1.70872e-05
-2.59684e-05
           2
    0.499999
 5.69337e-06
          25
    0.997752
  6.1425e-05
          25
    0.999999
 -9.7214e-07
          25
          15
 1.76589e-06
           6
           3
 1.05882e-05
     5.99996
     3.00018
-0.000344495
     6.00001
           1
     0.35003
         250
         500
         2.5
         250
         500
         2.5
         120
        16.7
-2.89447e-06
backtracking time: 106259 us
backtracking count: 2
count 28
(curr.pk-pk_prev).cwiseAbs().sum() 0.000127157
(curr.pk-p0).cwiseAbs().sum() 0.037311
tp: 28635
Elapsed Time d2w: 815692885 us
Elapsed Time dG: 8164 us
vz -1.09968e-08
 8.69104e-10
  1.2311e-09
-1.68065e-09
-3.24027e-08
-1.16661e-08
-5.85717e-08
 7.89328e-10
-1.86661e-08
-1.82807e-10
    1.34e-10
-9.68831e-10
-1.65893e-10
          -0
          -0
 7.50589e-15
          -0
          -0
-1.00951e-09
          -0
          -0
 1.88396e-10
          -0
-1.73445e-11
          -0
-1.58098e-09
          -0
          -0
-2.52218e-11
          -0
          -0
-7.32328e-09
          -0
          -0
-3.06331e-10
          -0
          -0
 3.95212e-15
-2.46879e-15
 -5.0439e-15
 2.81758e-15
-1.21485e-11
          -0
          -0
-6.29717e-10
          -0
          -0
-4.19687e-11
          -0
          -0
          -0
          -0
          -0
          -0
 -1.5417e-10
-2.53512e-08
 2.60468e-08
-3.22815e-08
          -0
          -0
vp -1.58743e-07
-1.53372e-06
 1.35144e-07
-1.35704e-09
-5.72793e-10
-6.57561e-09
-2.95343e-10
-3.38781e-10
 -2.1296e-10
-8.32497e-10
-1.18277e-07
 4.28395e-09
-1.63774e-10
-6.79999e-11
-7.32298e-10
-3.79227e-11
  -1.669e-11
-1.48112e-10
-4.17916e-11
-5.49628e-11
-2.52503e-10
-3.62727e-09
 9.46168e-09
-1.56478e-08
 1.30045e-09
 3.58759e-10
 -1.5093e-09
-2.28222e-12
-4.17136e-13
-3.95669e-11
-3.44026e-11
-4.48428e-13
 5.65291e-10
 4.74587e-11
 1.44003e-11
-2.46162e-09
backtrackingCount 0
pk      1.99499
  -0.0537577
  0.00513497
     1.99996
-2.63748e-05
 -0.00013259
           2
    0.499993
 2.24029e-06
          25
    0.995834
 0.000130888
          25
    0.999998
-1.28461e-05
          25
          15
  -6.357e-07
           6
           3
 6.49398e-06
      5.9999
     3.00034
-0.000598219
     6.00003
     1.00001
    0.350005
         250
         500
         2.5
         250
         500
     2.50001
         120
        16.7
-4.28088e-05
backtrackingCount 1
pk      1.99755
  -0.0289861
  0.00295222
     1.99998
-1.71235e-05
-2.63849e-05
           2
    0.499999
 5.67988e-06
          25
    0.997745
 6.16964e-05
          25
    0.999999
-1.01852e-06
          25
          15
 1.75651e-06
           6
           3
 1.05722e-05
     5.99996
     3.00018
-0.000345486
     6.00001
           1
     0.35003
         250
         500
         2.5
         250
         500
         2.5
         120
        16.7
-3.05038e-06
backtracking time: 104720 us
backtracking count: 2
count 29
(curr.pk-pk_prev).cwiseAbs().sum() 0.000126483
(curr.pk-p0).cwiseAbs().sum() 0.0374371
tp: 28626
Elapsed Time d2w: 822329211 us
Elapsed Time dG: 8149 us
vz -1.16007e-08
 1.05596e-09
   7.473e-10
-1.82589e-09
-3.39106e-08
-1.35648e-08
-6.10349e-08
  8.9711e-10
-1.97037e-08
-2.07522e-10
 1.50687e-10
 -1.1677e-09
-1.75291e-10
          -0
          -0
 9.14453e-15
          -0
          -0
-9.24975e-10
          -0
          -0
 1.98806e-10
          -0
-2.11161e-11
          -0
-1.50937e-09
          -0
          -0
-2.27057e-11
          -0
          -0
-7.58555e-09
          -0
          -0
-3.20833e-10
          -0
          -0
 4.38297e-15
-2.71992e-15
-5.50148e-15
 3.10796e-15
-1.10673e-11
          -0
          -0
-6.66552e-10
          -0
          -0
-4.39861e-11
          -0
          -0
          -0
          -0
          -0
          -0
-1.70286e-10
-2.83149e-08
 2.88385e-08
-3.89545e-08
          -0
          -0
vp -1.70629e-07
 -1.6254e-06
 1.43623e-07
-1.50386e-09
-6.84697e-10
-6.94371e-09
 -3.1421e-10
  -3.612e-10
-2.86244e-10
-1.03629e-09
-1.25726e-07
  4.6049e-09
-1.74978e-10
-7.77696e-11
-7.99707e-10
-4.27289e-11
-1.74977e-11
-2.16324e-10
-5.06787e-11
 -5.7801e-11
-2.87692e-10
-3.85041e-09
 1.01221e-08
-1.68945e-08
  1.4192e-09
 3.68404e-10
-1.63183e-09
-2.57671e-12
-4.71832e-13
-4.76821e-11
-3.69365e-11
-4.96582e-13
 5.91021e-10
 5.18358e-11
 1.51344e-11
-2.82806e-09
backtrackingCount 0
pk      1.99502
   -0.053162
  0.00508845
     1.99996
-2.73075e-05
-0.000129665
           2
    0.499993
 1.42232e-06
          25
    0.995875
 0.000130189
          25
    0.999998
-1.29133e-05
          25
          15
-1.46107e-06
           6
           3
 6.29314e-06
      5.9999
     3.00033
-0.000596773
     6.00003
     1.00001
    0.350005
         250
         500
         2.5
         250
         500
     2.50001
         120
        16.7
-4.51146e-05
backtrackingCount 1
pk      1.99754
  -0.0290805
  0.00296056
     1.99998
-1.71632e-05
-2.67883e-05
           2
    0.499998
 5.66325e-06
          25
    0.997737
 6.19639e-05
          25
    0.999999
-1.06499e-06
          25
          15
 1.74394e-06
           6
           3
 1.05555e-05
     5.99996
     3.00018
-0.000346468
     6.00001
           1
    0.350029
         250
         500
         2.5
         250
         500
         2.5
         120
        16.7
 -3.2147e-06
backtracking time: 104172 us
backtracking count: 2
count 30
(curr.pk-pk_prev).cwiseAbs().sum() 0.000123215
(curr.pk-p0).cwiseAbs().sum() 0.0375598
tp: 28617
Elapsed Time d2w: 813573695 us
Elapsed Time dG: 8257 us
vz -1.10983e-08
 9.51269e-10
 1.24759e-09
  -1.865e-09
-3.21252e-08
-1.16999e-08
-5.90969e-08
 8.30592e-10
-1.88414e-08
-1.97486e-10
 1.46938e-10
-1.00232e-09
-1.68576e-10
          -0
          -0
 8.24647e-15
          -0
          -0
-1.02045e-09
          -0
          -0
 1.90199e-10
          -0
-1.89916e-11
          -0
-1.59714e-09
          -0
          -0
-2.70139e-11
          -0
          -0
-7.39356e-09
          -0
          -0
-3.11478e-10
          -0
          -0
 4.10054e-15
-2.55156e-15
-5.09751e-15
 2.88653e-15
-1.30828e-11
          -0
          -0
-6.39008e-10
          -0
          -0
-4.26257e-11
          -0
          -0
          -0
          -0
          -0
          -0
-1.58338e-10
-2.67301e-08
 2.72245e-08
-3.33543e-08
          -0
          -0
vp -1.60467e-07
-1.54801e-06
 1.36485e-07
-1.39305e-09
-6.15888e-10
-6.94173e-09
-3.05867e-10
 -3.4588e-10
-2.90047e-10
 -8.4426e-10
-1.19392e-07
 4.32746e-09
-1.65176e-10
-7.11128e-11
-7.90805e-10
-4.19054e-11
-1.71872e-11
-2.36456e-10
-3.44556e-11
-5.50014e-11
-3.91431e-10
-3.66391e-09
 9.57869e-09
 -1.5966e-08
 1.32283e-09
 3.74331e-10
-1.70722e-09
-2.60201e-12
-4.71419e-13
-4.26693e-11
-3.50365e-11
-4.94274e-13
 5.62145e-10
 4.64086e-11
 1.47906e-11
-2.74377e-09
backtrackingCount 0
pk      1.99498
  -0.0538208
  0.00514187
     1.99996
-2.70064e-05
-0.000137731
           2
    0.499993
  1.0277e-06
          25
    0.995829
 0.000131126
          25
    0.999998
-1.37036e-05
          25
          15
-2.03511e-06
           6
           3
 4.29966e-06
      5.9999
     3.00034
-0.000601637
     6.00003
     1.00001
    0.350002
         250
         500
         2.5
         250
         500
     2.50001
         120
        16.7
-4.70656e-05
backtrackingCount 1
pk      1.99753
  -0.0291772
  0.00296908
     1.99998
-1.72017e-05
-2.72217e-05
           2
    0.499998
 5.64514e-06
          25
     0.99773
 6.22341e-05
          25
    0.999999
-1.11436e-06
          25
          15
 1.72918e-06
           6
           3
 1.05311e-05
     5.99996
     3.00018
-0.000347464
     6.00001
           1
    0.350029
         250
         500
         2.5
         250
         500
         2.5
         120
        16.7
-3.38599e-06
backtracking time: 107615 us
backtracking count: 2
count 31
(curr.pk-pk_prev).cwiseAbs().sum() 0.000125938
(curr.pk-p0).cwiseAbs().sum() 0.0376853
tp: 28608
Elapsed Time d2w: 816140970 us
Elapsed Time dG: 7596 us
vz -1.17071e-08
 1.14212e-09
  7.3293e-10
-2.02391e-09
-3.35713e-08
 -1.3581e-08
-6.15773e-08
 9.40347e-10
-1.99009e-08
-2.24309e-10
 1.66682e-10
-1.21625e-09
-1.78104e-10
          -0
          -0
 9.93073e-15
          -0
          -0
-9.28506e-10
          -0
          -0
 2.00692e-10
          -0
-2.28454e-11
          -0
-1.51682e-09
          -0
          -0
-2.44001e-11
          -0
          -0
 -7.6583e-09
          -0
          -0
-3.26175e-10
          -0
          -0
 4.51565e-15
-2.78576e-15
-5.60631e-15
 3.21445e-15
 -1.1951e-11
          -0
          -0
-6.76595e-10
          -0
          -0
-4.46622e-11
          -0
          -0
          -0
          -0
          -0
          -0
-1.75031e-10
-2.97511e-08
 3.03915e-08
-4.05308e-08
          -0
          -0
vp -1.72465e-07
-1.64039e-06
 1.45038e-07
 -1.5439e-09
-7.31918e-10
-7.28775e-09
-3.25474e-10
-3.68692e-10
-3.76746e-10
-1.05009e-09
-1.26901e-07
 4.65121e-09
 -1.7661e-10
 -8.1274e-11
-8.58359e-10
-4.73071e-11
-1.80174e-11
-3.26205e-10
-4.41169e-11
-5.81037e-11
-4.36987e-10
-3.88924e-09
 1.02485e-08
-1.72517e-08
 1.44715e-09
 3.82959e-10
-1.85057e-09
-2.95021e-12
 -5.3509e-13
-5.10859e-11
-3.76697e-11
-5.49469e-13
 5.83574e-10
 5.08205e-11
 1.54918e-11
-3.15918e-09
backtrackingCount 0
pk      1.99502
  -0.0531096
  0.00508511
     1.99996
  -2.788e-05
-0.000133546
           2
    0.499993
 1.48621e-07
          25
    0.995879
 0.000130093
          25
    0.999998
-1.36373e-05
          25
          15
-3.02998e-06
           6
           3
 4.15569e-06
      5.9999
     3.00033
-0.000599157
     6.00003
     1.00001
    0.350002
         250
         500
         2.5
         250
         500
     2.50001
         120
        16.7
-4.94767e-05
backtrackingCount 1
pk      1.99752
  -0.0292707
  0.00297735
     1.99998
-1.72434e-05
 -2.7637e-05
           2
    0.499998
 5.62367e-06
          25
    0.997723
 6.24992e-05
          25
    0.999999
-1.16327e-06
          25
          15
 1.71059e-06
           6
           3
 1.05062e-05
     5.99996
     3.00019
-0.000348447
     6.00001
           1
    0.350029
         250
         500
         2.5
         250
         500
         2.5
         120
        16.7
-3.56603e-06
backtracking time: 115006 us
backtracking count: 2
count 32
(curr.pk-pk_prev).cwiseAbs().sum() 0.000122081
(curr.pk-p0).cwiseAbs().sum() 0.0378069
tp: 28599
Elapsed Time d2w: 801441119 us
Elapsed Time dG: 6910 us
vz -1.11478e-08
 1.04079e-09
 1.01761e-09
-2.07008e-09
-3.16631e-08
-1.20444e-08
  -5.933e-08
 8.76535e-10
-1.90506e-08
-2.16311e-10
 1.64362e-10
-1.09413e-09
-1.70424e-10
          -0
          -0
 9.06073e-15
          -0
          -0
-9.66792e-10
          -0
          -0
 1.91052e-10
          -0
-2.07893e-11
          -0
-1.53556e-09
          -0
          -0
-2.89143e-11
          -0
          -0
-7.42768e-09
          -0
          -0
-3.14628e-10
          -0
          -0
 4.25731e-15
-2.63184e-15
-5.23249e-15
 3.00764e-15
  -1.403e-11
          -0
          -0
 -6.4536e-10
          -0
          -0
-4.30225e-11
          -0
          -0
          -0
          -0
          -0
          -0
-1.64964e-10
-2.83713e-08
 2.89517e-08
-3.63999e-08
          -0
          -0
vp -1.61409e-07
-1.55455e-06
  1.3714e-07
-1.44093e-09
-6.64951e-10
-7.24169e-09
-3.14657e-10
 -3.4994e-10
-3.85814e-10
-8.53416e-10
 -1.1991e-07
 4.34996e-09
-1.67813e-10
-7.48935e-11
-8.43312e-10
-4.64282e-11
-1.74615e-11
-3.55848e-10
 -3.2442e-11
-5.55005e-11
-5.16964e-10
-3.68311e-09
 9.65186e-09
-1.62283e-08
 1.35946e-09
 3.88437e-10
-1.93706e-09
-2.99894e-12
-5.31312e-13
-4.55621e-11
-3.56159e-11
 -5.4533e-13
 5.50375e-10
 4.57037e-11
  1.5297e-11
 -3.0916e-09
backtrackingCount 0
pk      1.99503
  -0.0533454
  0.00510118
     1.99996
-2.75412e-05
-0.000139786
           2
    0.499993
-3.51294e-07
          25
    0.995866
 0.000129865
          25
    0.999998
-1.42233e-05
          25
          15
 -3.8003e-06
           6
           3
 2.50015e-06
      5.9999
     3.00033
-0.000599768
     6.00003
     1.00001
    0.349999
         250
         500
         2.5
         250
         500
     2.50001
         120
        16.7
-5.14444e-05
backtrackingCount 1
pk      1.99752
  -0.0293647
  0.00298564
     1.99998
-1.72836e-05
-2.80751e-05
           2
    0.499998
 5.60033e-06
          25
    0.997715
 6.27623e-05
          25
    0.999999
-1.21429e-06
          25
          15
 1.68906e-06
           6
           3
 1.04749e-05
     5.99996
     3.00019
-0.000349429
     6.00001
           1
    0.350029
         250
         500
         2.5
         250
         500
         2.5
         120
        16.7
-3.75306e-06
backtracking time: 105909 us
backtracking count: 2
count 33
(curr.pk-pk_prev).cwiseAbs().sum() 0.000122668
(curr.pk-p0).cwiseAbs().sum() 0.037929
tp: 32819
Elapsed Time d2w: 935576591 us
Elapsed Time dG: 7767 us
vz -1.86078e-08
-1.21059e-09
 6.94497e-09
-7.45278e-09
   -5.74e-08
 1.08663e-08
-9.62751e-08
-1.60553e-10
  -2.843e-08
-2.46523e-10
 1.88784e-10
 1.05455e-09
-2.90333e-10
          -0
          -0
-1.07096e-14
          -0
          -0
-2.94876e-09
          -0
          -0
 3.27293e-10
          -0
 2.48721e-11
          -0
-4.29675e-09
          -0
          -0
-1.68833e-10
          -0
          -0
-1.17327e-08
          -0
          -0
-4.74837e-10
          -0
          -0
 2.88906e-15
 -1.7399e-15
-3.34618e-15
 2.00047e-15
-8.14117e-11
          -0
          -0
-1.06982e-09
          -0
          -0
-6.38885e-11
          -0
          -0
          -0
          -0
          -0
          -0
-1.55491e-10
-2.48732e-08
  2.4942e-08
 3.66082e-08
          -0
          -0
vp -2.86516e-07
-2.78472e-06
 2.73308e-07
-8.25565e-10
 3.76583e-10
-5.33816e-09
-2.99733e-10
 -3.9913e-10
 5.67745e-10
-9.63371e-11
-2.17161e-07
 6.98558e-09
-1.63141e-10
-1.92304e-11
-4.15056e-10
-9.48151e-12
-2.22749e-11
-3.55143e-10
 3.38597e-10
 -2.9772e-11
-2.77016e-09
-4.67838e-09
 1.79956e-08
-3.58941e-08
 7.24538e-10
 1.24228e-09
-5.59707e-09
-3.11353e-12
 -3.4983e-13
 -2.9528e-11
 -3.4971e-11
-5.24575e-13
 5.01552e-10
 -2.2578e-11
 3.93714e-11
-2.83108e-09
backtrackingCount 0
pk      1.99506
  -0.0531968
  0.00532467
     1.99997
-1.40608e-05
  -7.376e-05
           2
    0.499995
 1.04592e-05
          25
    0.995857
 0.000122546
          25
    0.999999
-4.76642e-06
          25
          15
-1.35032e-06
           6
           3
-1.32326e-05
     5.99992
     3.00034
-0.000656617
     6.00002
     1.00001
    0.349981
         250
         500
         2.5
         250
         500
     2.50001
         120
        16.7
-2.79819e-05
backtrackingCount 1
pk      1.99751
  -0.0294578
  0.00299478
     1.99998
 -1.7271e-05
-2.82535e-05
           2
    0.499998
 5.61931e-06
          25
    0.997708
 6.29958e-05
          25
    0.999999
-1.22817e-06
          25
          15
 1.67719e-06
           6
           3
 1.03823e-05
     5.99996
     3.00019
-0.000350629
     6.00001
           1
    0.350029
         250
         500
         2.5
         250
         500
         2.5
         120
        16.7
 -3.8477e-06
backtracking time: 572164 us
backtracking count: 2
count 34
(curr.pk-pk_prev).cwiseAbs().sum() 0.000122031
(curr.pk-p0).cwiseAbs().sum() 0.0380504
tp: 28589
Elapsed Time d2w: 814276976 us
Elapsed Time dG: 7319 us
vz -1.11402e-08
 1.09175e-09
 9.13748e-10
-2.05475e-09
-3.13852e-08
-1.24978e-08
-5.92906e-08
 9.04368e-10
-1.90832e-08
-2.21315e-10
  1.6923e-10
-1.16074e-09
-1.71389e-10
          -0
          -0
 9.52058e-15
          -0
          -0
-9.39626e-10
          -0
          -0
 1.90908e-10
          -0
-2.18165e-11
          -0
-1.50014e-09
          -0
          -0
-2.78785e-11
          -0
          -0
 -7.4255e-09
          -0
          -0
-3.15167e-10
          -0
          -0
 4.32918e-15
-2.67811e-15
-5.30884e-15
 3.05359e-15
 -1.3554e-11
          -0
          -0
-6.45894e-10
          -0
          -0
-4.31083e-11
          -0
          -0
          -0
          -0
          -0
          -0
-1.68887e-10
-2.89478e-08
 2.95232e-08
-3.86277e-08
          -0
          -0
vp -1.61636e-07
-1.55332e-06
 1.36888e-07
-1.46693e-09
-6.92111e-10
-7.36899e-09
 -3.1797e-10
-3.52082e-10
-4.25727e-10
-8.74914e-10
 -1.1982e-07
 4.35739e-09
-1.69619e-10
-7.68274e-11
 -8.6612e-10
-4.82898e-11
-1.75667e-11
-4.08476e-10
-3.69334e-11
-5.65944e-11
-5.25131e-10
-3.68796e-09
  9.6636e-09
-1.62975e-08
 1.38445e-09
 3.83919e-10
-1.95593e-09
-3.12578e-12
-5.51317e-13
-4.95948e-11
-3.58912e-11
-5.64109e-13
 5.44424e-10
 4.66355e-11
 1.52157e-11
-3.24891e-09
backtrackingCount 0
pk      1.99503
  -0.0532128
  0.00508822
     1.99996
-2.78555e-05
-0.000140948
           2
    0.499993
-8.91356e-07
          25
    0.995876
 0.000129634
          25
    0.999998
-1.44738e-05
          25
          15
-4.56966e-06
           6
           3
 2.35144e-06
      5.9999
     3.00033
-0.000599867
     6.00003
     1.00001
    0.349999
         250
         500
         2.5
         250
         500
     2.50001
         120
        16.7
-5.35335e-05
backtrackingCount 1
pk       1.9975
  -0.0295506
  0.00300296
     1.99998
-1.73124e-05
-2.86937e-05
           2
    0.499998
 5.59388e-06
          25
    0.997701
 6.32561e-05
          25
    0.999999
-1.27991e-06
          25
          15
 1.65278e-06
           6
           3
 1.03509e-05
     5.99996
     3.00019
-0.000351603
     6.00001
           1
    0.350029
         250
         500
         2.5
         250
         500
         2.5
         120
        16.7
-4.04179e-06
backtracking time: 105541 us
backtracking count: 2
count 35
(curr.pk-pk_prev).cwiseAbs().sum() 0.000121093
(curr.pk-p0).cwiseAbs().sum() 0.038171
tp: 28580
Elapsed Time d2w: 800749193 us
Elapsed Time dG: 7678 us
vz -1.09578e-08
 1.29609e-09
 7.51199e-11
-1.93903e-09
-3.03413e-08
-1.43585e-08
-5.76327e-08
 9.99798e-10
-1.89368e-08
-2.38391e-10
 1.85323e-10
-1.40963e-09
 -1.6864e-10
          -0
          -0
 1.13421e-14
          -0
          -0
-7.15442e-10
          -0
          -0
 1.87587e-10
          -0
-2.59602e-11
          -0
-1.23048e-09
          -0
          -0
 -1.9374e-11
          -0
          -0
-7.18257e-09
          -0
          -0
-3.09238e-10
          -0
          -0
 4.55145e-15
-2.80649e-15
-5.67712e-15
 3.28579e-15
-9.58082e-12
          -0
          -0
-6.38577e-10
          -0
          -0
-4.23582e-11
          -0
          -0
          -0
          -0
          -0
          -0
-1.78704e-10
-3.07786e-08
 3.18169e-08
-4.70247e-08
          -0
          -0
vp -1.62076e-07
-1.53351e-06
  1.3522e-07
-1.56577e-09
-8.09363e-10
-7.33496e-09
-3.22626e-10
-3.55377e-10
-5.43001e-10
-1.04131e-09
-1.18633e-07
 4.39837e-09
-1.73034e-10
-8.52972e-11
-8.99617e-10
-5.33474e-11
-1.73325e-11
-5.19345e-10
-5.86061e-11
-5.82288e-11
-4.76929e-10
 -3.6897e-09
 9.64344e-09
-1.63934e-08
 1.47016e-09
 3.44918e-10
 -1.9188e-09
-3.38207e-12
-6.06646e-13
-5.34541e-11
-3.68714e-11
-6.02216e-13
 5.38063e-10
 5.10184e-11
 1.43728e-11
-3.57842e-09
backtrackingCount 0
pk      1.99517
  -0.0515515
  0.00494292
     1.99996
-2.89241e-05
-0.000133927
           2
    0.499993
-2.19642e-06
          25
    0.995999
 0.000126358
          25
    0.999998
-1.41865e-05
          25
          15
-5.79813e-06
           6
           3
 3.50855e-06
      5.9999
     3.00033
-0.000586795
     6.00003
     1.00001
    0.350001
         250
         500
         2.5
         250
         500
     2.50001
         120
        16.7
-5.53805e-05
backtrackingCount 1
pk      1.99749
  -0.0296365
  0.00301054
     1.99998
-1.73577e-05
-2.91048e-05
           2
    0.499998
 5.56344e-06
          25
    0.997694
 6.35026e-05
          25
    0.999999
-1.33032e-06
          25
          15
 1.62368e-06
           6
           3
 1.03242e-05
     5.99995
     3.00019
-0.000352521
     6.00001
           1
    0.350029
         250
         500
         2.5
         250
         500
         2.5
         120
        16.7
-4.24233e-06
backtracking time: 105694 us
backtracking count: 2
count 36
(curr.pk-pk_prev).cwiseAbs().sum() 0.000112414
(curr.pk-p0).cwiseAbs().sum() 0.0382829
tp: 28571
Elapsed Time d2w: 810304535 us
Elapsed Time dG: 8692 us
vz -1.11708e-08
 1.18338e-09
 5.86895e-10
 -2.2541e-09
-3.07577e-08
-1.27812e-08
-5.94209e-08
 9.51099e-10
-1.93086e-08
-2.42343e-10
 1.92194e-10
-1.28263e-09
-1.72868e-10
          -0
          -0
 1.03697e-14
          -0
          -0
 -8.6052e-10
          -0
          -0
 1.91407e-10
          -0
-2.36602e-11
          -0
 -1.4071e-09
          -0
          -0
-2.92424e-11
          -0
          -0
-7.44833e-09
          -0
          -0
-3.18107e-10
          -0
          -0
 4.44895e-15
-2.74699e-15
 -5.4883e-15
 3.18629e-15
-1.42453e-11
          -0
          -0
 -6.5183e-10
          -0
          -0
-4.34838e-11
          -0
          -0
          -0
          -0
          -0
          -0
-1.76336e-10
-3.06634e-08
 3.16428e-08
-4.26935e-08
          -0
          -0
vp -1.62312e-07
 -1.5569e-06
 1.37258e-07
-1.51913e-09
-7.47152e-10
-7.55372e-09
-3.26159e-10
-3.55055e-10
-5.41648e-10
-8.87345e-10
 -1.2011e-07
 4.37528e-09
-1.72582e-10
 -8.1182e-11
 -9.1023e-10
-5.35677e-11
-1.77526e-11
-5.77091e-10
-3.80453e-11
-5.78121e-11
-6.47955e-10
-3.70763e-09
 9.72286e-09
-1.65527e-08
 1.43262e-09
 3.94277e-10
-2.19604e-09
-3.58572e-12
 -6.2777e-13
-4.89294e-11
-3.66349e-11
-6.30222e-13
 5.32849e-10
 4.63871e-11
  1.5619e-11
-3.64835e-09
backtrackingCount 0
pk      1.99511
  -0.0524402
  0.00502094
     1.99996
-2.83011e-05
-0.000139743
           2
    0.499993
-2.36998e-06
          25
    0.995935
 0.000127587
          25
    0.999998
-1.46623e-05
          25
          15
-6.82887e-06
           6
           3
 8.33713e-07
      5.9999
     3.00033
-0.000594966
     6.00003
     1.00001
    0.349997
         250
         500
         2.5
         250
         500
     2.50001
         120
        16.7
-5.76791e-05
backtrackingCount 1
pk      1.99748
  -0.0297256
  0.00301839
     1.99998
-1.74005e-05
 -2.9537e-05
           2
    0.499998
 5.53246e-06
          25
    0.997688
  6.3753e-05
          25
    0.999999
 -1.3824e-06
          25
          15
 1.59066e-06
           6
           3
 1.02871e-05
     5.99995
     3.00019
-0.000353468
     6.00001
           1
    0.350029
         250
         500
         2.5
         250
         500
         2.5
         120
        16.7
-4.45106e-06
backtracking time: 108401 us
backtracking count: 2
count 37
(curr.pk-pk_prev).cwiseAbs().sum() 0.000116361
(curr.pk-p0).cwiseAbs().sum() 0.0383987
tp: 28562
Elapsed Time d2w: 903646222 us
Elapsed Time dG: 8948 us
vz -1.12183e-08
 1.22471e-09
 3.38261e-10
-2.37691e-09
-3.05571e-08
-1.31495e-08
-5.96149e-08
 9.73318e-10
-1.95088e-08
-2.55153e-10
 2.05473e-10
-1.36014e-09
 -1.7409e-10
          -0
          -0
 1.07566e-14
          -0
          -0
 -8.0182e-10
          -0
          -0
 1.92214e-10
          -0
-2.44903e-11
          -0
-1.34005e-09
          -0
          -0
-3.09779e-11
          -0
          -0
-7.47297e-09
          -0
          -0
-3.19449e-10
          -0
          -0
 4.52923e-15
-2.80192e-15
-5.55484e-15
 3.23082e-15
-1.50679e-11
          -0
          -0
-6.56437e-10
          -0
          -0
-4.36601e-11
          -0
          -0
          -0
          -0
          -0
          -0
-1.81218e-10
-3.17556e-08
 3.27115e-08
-4.52853e-08
          -0
          -0
vp -1.63036e-07
-1.56421e-06
  1.3824e-07
 -1.5504e-09
-7.71924e-10
-7.84844e-09
-3.28348e-10
-3.54724e-10
-6.02654e-10
-8.68512e-10
-1.20694e-07
 4.39854e-09
 -1.7517e-10
-8.33113e-11
-9.48657e-10
-5.61556e-11
-1.77302e-11
-6.84171e-10
-3.76634e-11
-5.88191e-11
-7.16369e-10
-3.71425e-09
 9.79383e-09
-1.67878e-08
 1.45592e-09
 4.04583e-10
-2.36669e-09
-3.83289e-12
-6.66162e-13
-4.66492e-11
-3.68573e-11
-6.66405e-13
  5.2317e-10
 4.56701e-11
 1.60337e-11
-3.86156e-09
backtrackingCount 0
pk      1.99516
  -0.0519475
  0.00498229
     1.99996
-2.83668e-05
-0.000141035
           2
    0.499993
-3.02911e-06
          25
    0.995973
 0.000126241
          25
    0.999998
-1.48594e-05
          25
          15
-8.12898e-06
           6
           3
 1.10075e-07
      5.9999
     3.00033
-0.000591963
     6.00003
     1.00001
    0.349995
         250
         500
         2.5
         250
         500
     2.50001
         120
        16.7
-5.93101e-05
backtrackingCount 1
pk      1.99747
  -0.0298124
  0.00302606
     1.99998
-1.74433e-05
-2.99725e-05
           2
    0.499998
 5.49901e-06
          25
    0.997681
 6.39971e-05
          25
    0.999999
-1.43505e-06
          25
          15
 1.55269e-06
           6
           3
 1.02474e-05
     5.99995
     3.00019
  -0.0003544
     6.00001
           1
    0.350028
         250
         500
         2.5
         250
         500
         2.5
         120
        16.7
-4.66536e-06
backtracking time: 119317 us
backtracking count: 2
count 38
(curr.pk-pk_prev).cwiseAbs().sum() 0.000113471
(curr.pk-p0).cwiseAbs().sum() 0.0385116
tp: 28552
Elapsed Time d2w: 844758723 us
Elapsed Time dG: 6938 us
vz -1.05027e-08
 1.27782e-09
  2.8224e-10
-2.12843e-09
-2.79051e-08
-1.25484e-08
-5.58558e-08
 9.77805e-10
-1.82844e-08
-2.47606e-10
 2.06938e-10
-1.37227e-09
-1.63325e-10
          -0
          -0
  1.1256e-14
          -0
          -0
-7.40482e-10
          -0
          -0
 1.79748e-10
          -0
-2.55788e-11
          -0
-1.23473e-09
          -0
          -0
-2.38112e-11
          -0
          -0
-7.01457e-09
          -0
          -0
-3.03625e-10
          -0
          -0
 4.32792e-15
-2.69469e-15
 -5.4214e-15
 3.14526e-15
-1.16943e-11
          -0
          -0
-6.18337e-10
          -0
          -0
 -4.1501e-11
          -0
          -0
          -0
          -0
          -0
          -0
-1.72989e-10
-3.07041e-08
 3.21894e-08
-4.57162e-08
          -0
          -0
vp -1.52986e-07
-1.46215e-06
 1.28628e-07
-1.50946e-09
-7.98523e-10
-7.29771e-09
-3.21097e-10
-3.42302e-10
-6.70216e-10
-8.78456e-10
  -1.128e-07
 4.15218e-09
-1.66718e-10
-8.33628e-11
-9.14128e-10
-5.80367e-11
-1.71463e-11
-7.44165e-10
 -4.8944e-11
-5.81677e-11
-6.72462e-10
-3.53786e-09
 9.17708e-09
-1.57384e-08
 1.43914e-09
 3.52632e-10
-2.16328e-09
-3.87414e-12
-7.04404e-13
-4.21452e-11
-3.59463e-11
-6.86599e-13
  5.1002e-10
 4.70234e-11
 1.41165e-11
-3.87001e-09
backtrackingCount 0
pk      1.99521
  -0.0513787
  0.00492328
     1.99996
-2.92213e-05
-0.000137612
           2
    0.499993
-4.38648e-06
          25
    0.996017
 0.000125241
          25
    0.999998
-1.49182e-05
          25
          15
-9.42352e-06
           6
           3
 3.28768e-07
      5.9999
     3.00032
-0.000586537
     6.00003
     1.00001
    0.349997
         250
         500
         2.5
         250
         500
     2.50001
         120
        16.7
-6.17468e-05
backtrackingCount 1
pk      1.99746
  -0.0298967
  0.00303347
     1.99998
-1.74893e-05
 -3.0393e-05
           2
    0.499998
  5.4604e-06
          25
    0.997674
 6.42363e-05
          25
    0.999999
-1.48771e-06
          25
          15
 1.50982e-06
           6
           3
 1.02086e-05
     5.99995
     3.00019
-0.000355307
     6.00001
           1
    0.350028
         250
         500
         2.5
         250
         500
         2.5
         120
        16.7
-4.88833e-06
backtracking time: 110687 us
backtracking count: 2
count 39
(curr.pk-pk_prev).cwiseAbs().sum() 0.000110175
(curr.pk-p0).cwiseAbs().sum() 0.0386212
tp: 28543
Elapsed Time d2w: 814496684 us
Elapsed Time dG: 15139 us
vz -1.18596e-08
 1.47939e-09
-3.79247e-10
-2.61688e-09
-3.12685e-08
-1.48575e-08
-6.22373e-08
  1.1125e-09
-2.07177e-08
-2.98602e-10
 2.51494e-10
 -1.6797e-09
-1.84731e-10
          -0
          -0
 1.30753e-14
          -0
          -0
-6.60485e-10
          -0
          -0
 2.03211e-10
          -0
-2.96426e-11
          -0
-1.19775e-09
          -0
          -0
-2.72573e-11
          -0
          -0
-7.76337e-09
          -0
          -0
-3.37395e-10
          -0
          -0
  4.9387e-15
-3.07939e-15
-6.17056e-15
 3.58676e-15
-1.34845e-11
          -0
          -0
-7.00676e-10
          -0
          -0
-4.61216e-11
          -0
          -0
          -0
          -0
          -0
          -0
-2.02433e-10
-3.60236e-08
 3.76332e-08
-5.60004e-08
          -0
          -0
vp -1.75691e-07
-1.65942e-06
 1.46854e-07
-1.73994e-09
 -9.3571e-10
-8.31795e-09
-3.53128e-10
-3.80046e-10
-8.20634e-10
-1.10471e-09
-1.28434e-07
 4.73294e-09
-1.88705e-10
-9.71484e-11
-1.05209e-09
-6.72868e-11
-1.86876e-11
-1.01086e-09
-5.00752e-11
-6.51537e-11
-8.52853e-10
-3.97187e-09
 1.05097e-08
-1.82825e-08
 1.62089e-09
 4.07305e-10
-2.63893e-09
-4.55786e-12
 -8.2994e-13
-4.48007e-11
-4.05148e-11
-8.03902e-13
 5.60356e-10
 5.06364e-11
 1.63296e-11
-4.62102e-09
backtrackingCount 0
pk      1.99526
  -0.0506456
   0.0048697
     1.99996
-2.91892e-05
-0.000134399
           2
    0.499994
 -4.8006e-06
          25
    0.996068
 0.000123416
          25
    0.999998
-1.46428e-05
          25
          15
-1.11297e-05
           6
           3
-4.55225e-07
      5.9999
     3.00032
-0.000583907
     6.00003
     1.00001
    0.349995
         250
         500
         2.5
         250
         500
     2.50001
         120
        16.7
-6.26684e-05
backtrackingCount 1
pk      1.99745
  -0.0299777
  0.00304064
     1.99998
 -1.7535e-05
-3.07993e-05
           2
    0.499998
 5.42031e-06
          25
    0.997668
 6.44675e-05
          25
    0.999999
 -1.5391e-06
          25
          15
 1.46044e-06
           6
           3
  1.0167e-05
     5.99995
     3.00019
  -0.0003562
     6.00001
           1
    0.350028
         250
         500
         2.5
         250
         500
         2.5
         120
        16.7
-5.11404e-06
backtracking time: 108949 us
backtracking count: 2
count 40
(curr.pk-pk_prev).cwiseAbs().sum() 0.000106231
(curr.pk-p0).cwiseAbs().sum() 0.0387268
tp: 28534
